service_id,monday,tuesday,wednesday,thursday,friday,saturday,sunday,start_date,end_date
11186,1,1,1,1,1,1,0,20170904,20180320
10576,1,1,1,1,1,1,0,20170902,20180320
11189,1,1,1,1,1,1,0,20171211,20180225
11187,1,1,1,1,1,1,0,20180108,20180320
11188,0,1,1,1,1,1,1,20171211,20180225
11182,0,0,0,0,0,0,1,20170918,20180318
11181,0,0,0,0,0,0,1,20170910,20180318
11185,0,0,0,0,0,0,1,20170910,20180318
11184,1,0,0,0,0,0,0,20170911,20180319
11183,0,0,0,0,0,0,1,20170918,20180318
10643,0,0,0,0,0,0,1,20171210,20180318
11053,0,0,0,0,0,1,0,20170902,20171105
11286,0,0,0,0,0,1,0,20170902,20171209
11279,0,0,0,0,0,0,1,20170903,20171203
11280,1,0,0,0,0,0,0,20170925,20171204
11284,1,0,0,0,0,0,0,20171211,20180319
11283,0,0,0,0,0,0,1,20171224,20171231
11282,0,0,0,0,0,0,1,20180101,20180318
11285,0,1,1,1,1,1,0,20171226,20171230
11289,0,1,1,1,1,1,0,20171212,20180320
11287,0,0,0,0,0,0,1,20171225,20180318
11288,1,1,1,1,1,1,0,20171211,20180320
11290,0,0,0,0,0,0,1,20171225,20180318
11266,0,0,0,0,0,1,0,20171216,20180317
10596,1,1,1,1,1,0,0,20180101,20180320
11277,0,1,1,1,1,1,0,20170902,20171209
11276,0,1,1,1,1,1,0,20170902,20171209
11265,1,1,1,1,1,0,0,20170904,20171208
11267,1,1,1,1,1,0,1,20180101,20180320
10991,0,1,1,1,1,0,0,20171226,20171229
11270,0,0,0,0,0,1,0,20180101,20180317
10839,1,1,1,1,1,0,0,20171211,20180320
11278,0,0,0,0,0,1,1,20171210,20180318
11273,0,0,0,0,0,0,1,20171210,20180318
11268,1,1,1,1,1,0,1,20171210,20180320
11264,0,0,0,0,0,1,0,20170918,20171105
10597,1,1,1,1,1,0,0,20170904,20171208
11272,0,0,0,0,0,0,1,20170918,20171203
11274,1,1,1,1,1,1,0,20171211,20180320
11241,1,1,1,1,1,0,1,20171210,20180320
10833,0,0,0,0,0,1,0,20171216,20180317
11275,1,1,1,1,1,0,0,20180101,20180320
11271,1,1,1,1,1,0,1,20171210,20180320
11299,1,1,1,1,1,1,1,20171210,20180320
11298,1,1,1,1,1,0,0,20171211,20180320
11297,1,1,1,1,1,1,0,20171211,20180320
11291,1,1,1,1,1,1,0,20180101,20180320
11292,1,1,1,1,1,1,1,20171210,20180320
11296,1,1,1,1,1,1,1,20171210,20180320
11293,1,1,1,1,1,1,0,20170902,20171209
11295,1,1,1,1,1,1,1,20171210,20180320
11294,1,1,1,1,1,1,0,20170902,20171209
11305,0,1,1,1,1,1,0,20171212,20180320
11306,0,1,1,1,1,1,0,20171212,20180320
11300,1,1,1,1,1,0,1,20171210,20180320
11303,1,1,1,1,1,0,1,20171210,20180320
11304,1,1,1,1,1,1,1,20171210,20180320
11302,1,0,0,0,0,0,0,20170925,20171204
10636,1,1,1,1,1,1,0,20171211,20180320
11301,0,1,1,1,1,0,0,20170905,20171208
11235,0,0,0,0,0,0,1,20170903,20171203
11307,0,0,0,0,0,0,1,20171210,20180318
11190,1,1,1,1,1,1,1,20170902,20171209
10611,1,1,1,1,1,1,1,20171210,20180320
11874,1,1,1,1,1,0,0,20180101,20180320
11873,1,1,1,1,1,0,0,20180108,20180128
11876,1,1,1,1,1,0,0,20170905,20171208
11871,1,1,1,1,1,0,0,20171002,20171208
11878,1,1,1,1,1,0,0,20170904,20171208
11877,1,1,1,1,1,0,0,20170904,20171208
11080,1,1,1,1,1,0,0,20170904,20170922
11174,0,1,1,1,1,1,0,20170905,20170923
10880,1,1,1,1,1,0,0,20170904,20170908
11427,1,1,1,1,1,0,0,20171002,20171013
11935,1,0,0,0,0,0,1,20171224,20171231
11934,0,0,0,0,0,1,1,20170903,20171126
11941,0,0,0,0,0,1,1,20170902,20180318
11939,1,1,1,1,1,0,0,20180219,20180320
11942,0,0,0,0,0,1,1,20170902,20180318
11936,0,0,0,0,0,1,1,20170902,20180318
11938,1,1,1,1,1,0,0,20180101,20180204
11937,0,0,0,0,0,1,1,20170902,20180318
11950,0,0,0,0,0,1,0,20180101,20180317
11948,0,0,0,0,0,1,1,20171204,20180318
11951,0,0,0,0,0,1,1,20171204,20180318
11943,1,1,1,1,1,1,1,20170902,20171210
11945,0,0,0,0,0,1,1,20170903,20171126
11944,1,0,0,0,0,0,1,20170902,20180319
11946,1,0,0,0,0,0,1,20170902,20180319
11947,1,1,1,1,1,1,1,20171113,20171210
11949,1,1,1,1,1,1,1,20170903,20171210
11953,0,0,0,0,0,1,1,20180101,20180318
11962,0,0,0,0,0,1,1,20171204,20180318
11964,0,0,0,0,0,0,1,20171204,20180318
11963,0,0,0,0,0,1,0,20180101,20180317
11961,1,1,1,1,1,1,1,20171016,20171210
11958,1,1,1,1,1,1,1,20171016,20171210
11955,0,0,0,0,0,1,1,20180101,20180318
11954,1,1,1,1,1,0,0,20170905,20171208
11959,0,1,1,1,1,1,1,20171106,20171210
11957,0,0,0,0,0,1,1,20170902,20170924
11960,0,1,1,1,1,1,0,20180219,20180320
10607,0,0,0,0,0,1,1,20171210,20180318
11892,1,0,0,0,0,0,0,20170911,20170918
11890,1,0,0,0,0,0,1,20180204,20180219
11879,0,0,0,0,0,1,1,20180129,20180218
11883,0,0,0,0,0,1,1,20180203,20180218
11887,0,0,0,0,0,0,1,20170910,20170917
11888,0,0,0,0,0,0,1,20170918,20171008
11889,0,0,0,0,0,1,1,20180129,20180218
11893,0,0,0,0,0,1,0,20170911,20171029
11910,1,1,1,1,1,1,0,20170902,20180320
10827,1,1,1,1,1,0,0,20170904,20180320
11911,1,1,1,1,1,1,1,20171030,20171126
10689,1,1,1,1,1,0,0,20170925,20170929
11912,1,1,1,1,1,1,1,20171030,20171126
11914,1,1,1,1,1,0,0,20171030,20171203
11916,1,1,1,1,1,1,1,20170925,20171224
11913,1,1,1,1,1,1,1,20171030,20171126
11108,1,1,1,1,1,0,0,20171016,20171020
11896,0,0,0,0,0,0,1,20170903,20180318
11991,1,1,1,1,1,1,1,20180129,20180304
11992,1,1,1,1,1,1,1,20180129,20180304
11894,1,1,1,1,1,1,0,20170902,20180320
11988,0,0,0,0,0,1,0,20171218,20180310
12000,0,0,0,0,0,1,1,20170902,20180318
11908,0,0,0,0,0,0,1,20170903,20180318
11999,1,1,1,1,1,1,1,20170902,20180318
11998,1,1,1,1,1,1,1,20170903,20180320
11993,1,1,1,1,1,0,0,20180219,20180223
11994,0,0,0,0,0,1,1,20170902,20171001
11995,1,1,1,1,1,1,1,20180129,20180304
11997,1,1,1,1,1,1,1,20170902,20180318
11996,1,1,1,1,1,1,1,20180129,20180304
11990,1,1,1,1,1,1,0,20170902,20180320
11989,0,0,0,0,0,1,0,20171218,20180210
12001,0,0,0,0,0,0,1,20170903,20180318
10593,0,0,0,0,0,1,1,20171104,20171105
11123,0,1,1,1,1,1,0,20171017,20171021
11072,0,1,1,1,1,1,0,20170926,20170930
11924,1,1,1,1,1,0,0,20180129,20180218
11925,1,1,1,1,1,0,0,20170905,20180320
11926,1,1,1,1,1,1,0,20170902,20180320
11927,1,1,1,1,1,1,0,20180129,20180218
11929,1,1,1,1,1,1,0,20170902,20180320
11930,1,1,1,1,1,0,1,20170903,20180320
11972,1,1,1,1,1,0,0,20170904,20171210
11973,0,1,1,1,1,1,1,20170902,20171210
11974,0,0,0,0,0,1,1,20170903,20171126
11971,0,0,0,0,0,0,1,20170903,20171126
11970,1,1,1,1,1,1,0,20170904,20171209
11969,0,0,0,0,0,1,1,20171204,20180318
11967,1,0,0,0,0,0,1,20170902,20180319
11968,0,0,0,0,0,1,1,20170902,20180318
11965,0,0,0,0,0,1,1,20170902,20170924
11966,0,0,0,0,0,1,1,20180101,20180318
11975,0,0,0,0,0,1,1,20180101,20180318
11976,0,0,0,0,0,1,1,20170903,20171029
10845,1,1,1,1,1,0,0,20171002,20171006
11978,0,0,0,0,0,1,1,20180101,20180318
11124,1,1,1,1,1,0,0,20171009,20171013
11977,1,1,1,1,1,1,1,20171113,20171210
11979,0,0,0,0,0,1,1,20171204,20180318
11980,1,1,1,1,1,1,1,20170902,20171209
11931,1,1,1,1,1,1,1,20171210,20180320
11928,1,1,1,1,1,1,0,20170902,20170917
11881,0,0,0,0,0,0,1,20170909,20170917
11885,0,0,0,0,0,0,1,20180204,20180218
11880,0,0,0,0,0,1,1,20180129,20180218
11919,1,1,1,1,1,1,1,20170902,20171126
11920,1,1,1,1,1,1,1,20171030,20171126
11921,1,1,1,1,1,0,0,20180129,20180218
11922,1,1,1,1,1,0,0,20180129,20180218
11918,1,1,1,1,1,1,0,20171211,20180320
11917,1,1,1,1,1,1,0,20180108,20180128
11895,1,1,1,1,1,1,0,20170911,20171029
11986,0,0,0,0,0,1,1,20180101,20180128
11909,1,1,1,1,1,1,0,20171211,20180320
11906,1,1,1,1,1,1,1,20170902,20180320
11907,1,1,1,1,1,1,1,20170902,20180320
11897,1,1,1,1,1,1,1,20170902,20180320
11899,1,1,1,1,1,1,1,20180129,20180304
11900,1,1,1,1,1,1,1,20180129,20180304
11901,1,1,1,1,1,1,1,20180129,20180304
11905,1,1,1,1,1,1,1,20170902,20180320
11903,1,1,1,1,1,1,1,20170902,20180318
11904,0,0,0,0,0,1,1,20170902,20180318
11336,0,0,0,0,0,1,1,20170916,20170924
11420,1,1,1,1,1,0,0,20171016,20171208
11407,0,0,0,0,0,1,1,20170930,20171015
11343,0,0,0,0,0,0,1,20170917,20170924
11061,0,0,0,0,0,1,1,20171210,20180318
11370,1,1,1,1,1,1,0,20171211,20180320
11421,1,1,1,1,1,0,0,20170918,20171013
11419,0,0,0,0,0,1,1,20171016,20171105
11045,1,1,1,1,1,0,0,20170918,20170922
11423,1,1,0,0,0,0,0,20170904,20170905
10780,1,1,1,1,1,0,0,20170925,20171013
11426,1,1,1,1,1,0,0,20171016,20171208
11330,0,0,0,0,0,1,0,20170916,20170923
11425,1,1,1,1,1,1,0,20170911,20170924
11410,1,1,1,1,1,1,1,20170918,20171015
11367,0,0,0,0,0,1,1,20180317,20180318
11411,0,0,0,0,0,1,0,20171111,20171118
11408,0,0,0,0,0,1,1,20171210,20180311
11413,0,0,0,0,0,1,1,20171016,20171105
11366,1,1,1,1,1,1,1,20171210,20180320
11412,1,1,1,1,1,1,1,20171120,20171209
10707,1,1,1,1,1,0,0,20171023,20171027
11404,0,0,1,1,1,0,0,20171101,20171103
11402,0,1,1,0,0,0,0,20170905,20170906
11403,1,1,0,0,0,0,0,20171030,20171031
11405,1,1,1,1,0,0,0,20171113,20171116
11409,0,0,0,0,0,1,1,20170930,20171014
11406,0,0,0,0,0,1,1,20171030,20171209
11414,0,0,0,0,0,0,1,20171001,20171015
11416,0,0,0,0,0,1,1,20170930,20171015
11424,1,1,1,1,1,1,0,20171016,20171112
11422,1,1,1,1,1,1,0,20170918,20171014
11377,0,0,0,0,0,0,1,20171210,20180311
11415,0,0,0,0,0,0,1,20171016,20171105
11417,0,0,0,0,0,1,1,20171120,20171209
11418,0,0,0,0,0,1,1,20171016,20171112
11340,0,0,0,0,0,0,1,20171001,20171008
11345,1,0,0,0,0,0,0,20170918,20170925
11346,1,0,0,0,0,0,0,20171002,20171009
11342,0,0,0,0,0,1,0,20170930,20171007
11344,0,0,0,0,0,0,1,20170925,20171008
11347,1,1,1,1,1,0,0,20171009,20171208
10751,1,1,1,1,0,0,0,20170925,20170928
10847,1,1,1,1,0,0,0,20170911,20170914
11079,1,1,1,1,1,0,0,20170904,20170910
11339,1,1,1,1,0,0,0,20171002,20171005
11341,1,1,1,1,1,0,0,20180212,20180320
11042,1,1,1,1,0,0,0,20170918,20170921
11361,0,0,0,0,0,1,1,20171009,20171209
11324,1,1,1,1,1,1,1,20170902,20171209
11328,0,0,0,0,0,1,1,20171009,20171209
11362,1,1,1,1,1,1,1,20170902,20171209
11385,1,1,1,1,1,0,0,20171226,20180320
11392,1,1,1,1,1,1,1,20171225,20180211
11388,1,1,1,1,1,1,1,20171210,20180320
11338,1,1,1,1,1,1,1,20170902,20171209
10836,0,1,1,0,0,0,0,20171128,20171129
11036,0,1,1,1,1,0,0,20170912,20170915
11437,0,0,0,0,1,1,0,20170915,20170916
11436,1,1,1,1,1,1,1,20170902,20171209
11434,1,1,1,1,1,1,1,20171009,20171209
11435,1,1,1,1,1,1,1,20171210,20180320
10750,0,1,1,1,1,0,0,20170926,20170929
11438,1,1,1,1,1,0,0,20180129,20180209
11043,0,1,1,1,1,0,0,20170919,20170922
11429,1,0,0,0,0,0,0,20171030,20171126
10999,0,1,1,1,1,1,0,20170905,20170909
11430,0,1,1,1,1,1,1,20171113,20171126
11428,1,1,1,1,1,1,1,20171009,20171209
10998,0,1,1,1,1,0,0,20171003,20171006
11432,1,1,1,1,1,0,0,20171009,20171208
11433,1,1,1,1,1,1,1,20171009,20171209
11431,1,1,1,1,0,0,0,20170918,20170924
11399,1,1,1,1,1,0,0,20170904,20170929
11354,1,1,1,1,1,0,0,20171211,20171222
11017,1,1,1,1,1,0,0,20170911,20170915
11401,1,1,1,1,1,0,0,20170925,20171006
11400,1,1,1,1,0,0,0,20170925,20171005
11333,1,1,1,1,1,1,1,20171009,20171105
11334,1,1,1,1,1,1,1,20171009,20171209
11335,0,0,0,0,0,1,1,20171009,20171209
11332,0,0,0,0,1,1,1,20170915,20170924
11331,1,1,1,1,1,1,1,20170902,20171209
11329,1,1,1,1,1,0,1,20170911,20171008
11337,1,1,1,1,1,1,1,20170902,20171209
11352,0,1,1,1,1,1,0,20171009,20171209
11349,1,0,0,0,0,0,1,20171001,20171009
11348,0,0,0,0,1,0,0,20170915,20170922
11083,0,1,1,1,1,1,0,20170912,20170916
11081,0,1,1,1,1,1,0,20170919,20170923
11351,0,0,0,0,0,0,1,20170918,20171008
11350,0,1,1,1,1,1,0,20180205,20180320
11393,0,0,0,0,0,1,1,20170902,20171209
11391,0,0,0,0,0,1,1,20171210,20180318
11397,1,1,1,1,1,1,1,20171210,20180319
11396,1,1,1,1,1,0,0,20171211,20180320
11394,0,0,0,0,0,1,0,20171216,20180317
11395,1,1,1,1,1,0,0,20171009,20171208
11386,0,0,0,0,0,1,1,20171210,20180318
11389,1,1,1,1,1,1,1,20170902,20171209
11390,0,0,0,0,1,1,1,20171009,20171209
11387,1,1,1,1,1,0,0,20171211,20180320
11398,0,1,1,1,1,0,0,20180103,20180209
11369,1,1,1,1,1,0,0,20170925,20171016
11376,1,1,1,1,1,0,0,20171016,20171208
11383,1,1,1,1,1,1,1,20171016,20171209
11363,1,1,1,1,0,0,0,20171009,20171016
11364,1,1,1,1,1,0,0,20171017,20171208
11371,1,1,1,1,1,1,1,20171016,20171209
11368,1,1,1,1,1,1,0,20171113,20171209
11372,0,0,0,0,0,1,1,20171118,20171119
11375,1,1,1,1,1,0,0,20170925,20171016
11374,1,1,1,1,1,1,1,20171016,20171209
11373,1,1,1,1,1,0,0,20171009,20171016
11365,1,1,1,1,1,1,1,20171016,20171209
11378,1,1,1,1,1,0,0,20170918,20171016
11382,1,1,1,1,1,0,1,20171210,20180320
11380,0,0,0,0,0,0,1,20171009,20171203
11381,1,1,1,1,1,0,1,20171016,20171208
11327,1,1,1,1,1,1,1,20171009,20171209
11326,1,1,1,1,1,1,1,20170902,20171209
11325,1,1,1,1,1,0,0,20170911,20171008
11358,0,0,0,0,0,1,0,20171216,20171223
11359,0,1,1,1,1,0,0,20171212,20171222
11360,0,0,0,0,0,1,1,20171009,20171209
11353,1,1,1,1,1,0,0,20170904,20171208
11355,1,1,1,1,1,0,0,20180212,20180320
11356,1,1,1,1,0,0,0,20171009,20171207
11357,1,1,1,1,1,0,0,20171009,20171208
11439,0,1,1,1,1,0,0,20180213,20180320
11686,1,1,1,1,1,1,0,20170902,20180320
11691,1,1,1,1,1,1,1,20171210,20180320
11687,1,1,1,1,1,1,1,20170902,20180320
11685,0,0,0,0,0,0,1,20170903,20180107
11690,1,1,1,1,1,0,1,20170903,20180320
11688,0,0,0,0,0,1,0,20170902,20171105
11689,0,0,0,0,0,1,1,20170902,20180107
12031,1,0,0,0,0,0,1,20170904,20171112
12028,1,1,1,1,1,1,1,20170902,20180320
12025,1,1,1,1,1,1,0,20170902,20180320
12022,0,0,0,0,0,1,1,20170902,20180318
12023,0,0,0,0,0,1,0,20171113,20180317
10828,0,0,0,0,0,1,0,20171113,20180317
12029,1,1,1,1,1,1,1,20170902,20180320
12017,1,1,1,1,1,1,1,20170902,20180320
12016,0,0,0,0,0,1,1,20170902,20180318
12030,0,0,0,0,0,1,1,20170902,20180318
12026,1,1,1,1,1,1,1,20170902,20180320
12027,1,0,0,0,0,0,1,20170903,20180319
12024,1,1,1,1,1,1,0,20170902,20180320
12018,1,1,1,1,1,1,1,20171211,20180320
12021,1,1,1,1,1,0,0,20171113,20171208
12019,0,0,0,0,0,1,1,20170902,20180318
11782,1,1,1,1,1,1,1,20170902,20171105
11776,1,1,1,1,1,1,1,20170902,20171209
11781,1,0,0,0,0,0,1,20170925,20171008
11780,0,1,1,1,1,1,0,20171003,20171014
11117,0,0,0,0,0,1,1,20170902,20171209
11802,0,0,0,0,0,1,1,20170903,20171209
11849,1,1,1,1,1,1,0,20171211,20180225
11847,1,1,1,1,1,1,1,20170903,20171209
11848,1,1,1,1,1,1,1,20171210,20180225
11851,1,1,1,1,1,1,1,20171210,20180225
11850,1,1,1,1,1,1,1,20171210,20180225
11797,1,1,1,1,1,0,0,20171211,20180225
11859,0,0,0,0,0,1,1,20171111,20171119
11798,1,1,1,1,1,0,0,20171211,20180211
11800,0,1,1,1,1,1,0,20171212,20180211
11860,0,0,0,0,0,0,1,20171111,20171119
11789,1,0,0,0,0,0,1,20171217,20180204
11729,0,0,0,0,0,1,1,20180108,20180128
11793,0,0,0,0,0,0,1,20171002,20171008
11786,1,1,1,1,1,1,1,20171009,20171208
11794,1,1,1,1,1,1,1,20171016,20171105
11795,1,1,1,1,1,1,1,20170902,20171209
11722,1,1,1,1,1,1,1,20170902,20180320
11721,1,1,1,1,1,1,1,20170902,20180320
11720,0,0,0,0,0,1,1,20171211,20180128
11730,1,1,1,1,1,1,1,20170902,20180320
11727,0,0,0,0,0,1,0,20171211,20180128
11726,1,1,1,1,1,0,0,20170905,20180320
11779,1,1,1,1,1,0,0,20180101,20180114
11778,1,1,1,1,1,1,1,20170902,20180128
11777,0,0,0,0,0,1,1,20171211,20180128
11723,1,1,1,1,1,1,1,20171016,20180121
11724,1,1,1,1,1,1,0,20180122,20180211
11856,0,1,0,1,1,0,0,20171212,20180225
11857,1,1,1,1,1,1,0,20170904,20171209
10748,0,0,0,0,0,1,1,20170916,20170917
11862,1,0,0,0,0,0,0,20171002,20171023
11833,1,1,1,1,1,1,1,20170902,20171209
11832,1,1,1,1,1,1,1,20170902,20171209
11835,0,0,0,0,0,0,1,20180115,20180318
11836,0,0,0,0,0,0,1,20170918,20171203
11834,1,1,1,1,1,1,0,20170911,20170924
11819,1,1,1,1,1,1,1,20170902,20171209
11829,0,0,0,0,0,1,1,20170903,20171105
11825,0,0,0,0,0,1,1,20171120,20180318
11827,0,0,0,0,0,0,1,20170903,20171105
11826,0,0,0,0,0,1,0,20170925,20171105
11817,0,0,0,0,0,1,1,20170902,20171105
11823,0,0,0,0,0,1,1,20170918,20171105
11824,0,0,0,0,0,1,1,20170925,20171105
11828,1,1,1,1,1,1,0,20170911,20170924
11818,1,1,1,1,1,0,1,20170911,20170924
11820,0,0,0,0,0,1,1,20170902,20171105
11837,0,0,0,0,0,1,0,20170918,20171105
11831,0,0,0,0,0,1,0,20171120,20180317
11822,0,0,0,0,0,1,1,20171120,20180318
11821,1,1,1,1,1,0,0,20180108,20180204
11816,1,1,1,1,1,1,1,20170902,20171209
11830,0,0,0,0,0,1,1,20171120,20180318
11701,0,0,0,0,0,1,1,20171210,20180318
11702,0,0,0,0,0,1,1,20170925,20171209
11697,1,0,0,0,0,0,1,20171106,20171203
11698,0,0,0,0,0,0,1,20171210,20171231
11696,0,1,1,1,1,1,0,20171107,20171203
11700,1,0,0,0,0,0,0,20180108,20180319
11715,0,0,0,0,0,1,1,20171023,20171209
11713,0,0,0,0,0,1,0,20171113,20171209
11714,0,0,0,0,0,1,0,20180115,20180225
11716,1,1,1,1,1,1,1,20171210,20180320
11712,0,0,0,0,0,1,1,20180115,20180225
11711,1,1,1,1,1,1,1,20170902,20171209
11719,1,1,1,1,1,1,0,20170902,20171209
11704,1,1,1,1,1,0,1,20170911,20170924
11717,1,1,1,1,1,0,1,20180101,20180114
11718,1,1,1,1,1,0,0,20180219,20180316
11703,0,0,0,0,0,1,1,20180115,20180225
11705,0,0,0,0,0,1,1,20170925,20171008
11710,1,1,1,1,1,1,1,20171210,20180320
11707,1,1,1,1,1,1,1,20171106,20171204
11708,0,0,0,0,0,1,1,20171210,20171231
11706,1,0,0,0,0,0,0,20180108,20180204
11709,0,0,0,0,0,1,1,20171210,20171231
11796,1,1,1,1,1,0,0,20180226,20180309
11801,1,1,1,1,1,1,1,20170902,20171209
11799,1,0,0,0,0,0,1,20171210,20180319
11865,0,0,0,0,0,1,0,20171014,20171021
11864,0,0,0,0,0,0,1,20171015,20171022
11868,0,0,0,0,0,0,1,20171014,20171022
11790,1,1,1,1,1,1,1,20170902,20171209
11732,1,1,1,1,1,0,0,20171211,20180223
11069,1,1,1,1,1,0,0,20170904,20170929
11747,0,0,0,0,0,0,1,20171210,20171231
11738,0,0,0,0,0,0,1,20170918,20171001
11734,1,1,1,1,1,0,0,20171030,20171208
11749,1,1,1,1,1,0,0,20171002,20171208
11733,1,1,1,1,1,0,0,20180226,20180320
11746,1,1,1,1,1,1,1,20170902,20170910
11742,1,1,1,1,1,1,1,20171002,20171208
11743,1,1,1,1,1,1,1,20171003,20171208
11745,1,1,1,1,1,1,1,20171210,20180225
11744,1,1,1,1,1,1,1,20180122,20180211
11740,0,0,0,0,0,0,1,20180115,20180225
11739,0,0,0,0,0,0,1,20171008,20171126
11741,0,0,0,0,0,0,1,20180121,20180225
11736,1,1,1,1,1,0,0,20171211,20171224
11750,1,1,1,1,1,0,0,20180115,20180320
11753,0,0,0,0,0,1,0,20180115,20180224
11754,0,0,0,0,0,1,0,20171007,20171118
11751,0,0,0,0,1,0,0,20180119,20180223
11752,1,1,1,1,0,0,0,20180115,20180222
11755,0,0,0,0,0,0,1,20171008,20171119
11756,0,0,0,0,0,1,0,20180120,20180224
11766,1,1,1,1,1,1,0,20171211,20180224
11767,1,1,1,1,1,1,0,20171002,20171105
11764,1,1,1,1,1,0,0,20170902,20171001
11771,1,1,1,1,1,1,1,20171002,20171208
11769,1,1,1,1,1,0,1,20180122,20180211
11768,1,1,1,1,1,0,1,20171002,20171208
11762,1,1,1,1,1,0,0,20170902,20170930
11760,1,1,1,0,0,0,0,20180226,20180228
11759,1,1,1,1,1,0,0,20171030,20180223
11757,1,1,1,1,1,0,0,20171211,20180223
11758,1,1,1,1,1,1,0,20171002,20171208
11761,0,0,0,0,0,1,0,20171007,20171119
11763,1,1,1,1,1,0,0,20170904,20171001
11737,1,1,1,1,1,0,0,20180115,20180223
11735,1,1,1,1,1,0,0,20171002,20171208
10887,0,0,0,0,0,1,0,20170902,20170909
11774,0,0,0,0,0,0,1,20171008,20171126
11775,0,0,0,0,0,1,0,20171007,20171119
11772,1,1,1,1,1,0,1,20170902,20171001
11773,0,0,0,0,0,0,1,20170903,20170910
11731,1,1,1,1,0,0,0,20171023,20171026
11792,1,1,1,1,1,1,1,20171211,20180121
11791,1,1,1,1,1,1,1,20170902,20180320
11785,1,1,1,1,1,1,1,20171009,20171208
11476,0,0,0,0,0,1,1,20170902,20170903
11788,1,1,1,1,1,1,0,20170909,20171209
11787,0,0,0,0,0,0,1,20171009,20171105
11725,1,1,1,1,1,1,1,20171009,20180320
11728,0,0,0,0,0,1,1,20171009,20171105
11858,0,0,0,0,0,1,0,20170909,20171105
11840,1,1,1,1,1,1,1,20170902,20171209
11844,1,1,1,1,1,1,1,20170902,20171209
11843,0,0,0,0,0,1,1,20170925,20171105
11842,0,0,0,0,0,1,0,20170925,20171105
11841,0,0,0,0,0,1,0,20170902,20171105
11838,0,0,0,0,0,1,1,20170902,20171105
11839,0,0,0,0,0,1,1,20170925,20171105
11813,1,1,1,1,1,0,0,20170904,20171208
11846,1,1,1,1,1,1,1,20171210,20180320
11845,1,1,1,1,1,1,1,20170902,20171209
11807,0,0,0,0,0,1,1,20171210,20171231
11808,1,1,1,1,1,0,0,20171108,20171201
11806,0,0,0,0,0,1,1,20171210,20180311
11805,1,1,1,1,1,1,1,20180122,20180211
11803,1,1,1,1,1,0,0,20171211,20180316
11809,0,0,0,0,0,1,1,20170925,20171209
11812,1,1,1,1,1,1,1,20180122,20180211
11815,1,1,1,1,1,0,0,20171106,20171208
11814,0,0,0,0,0,1,1,20171023,20171209
11810,1,1,1,1,1,0,0,20180205,20180302
11870,0,0,0,0,0,1,1,20171014,20171015
11855,1,1,1,1,1,0,1,20170903,20171208
11852,1,1,1,1,0,0,0,20170904,20170907
11853,1,1,1,1,1,0,0,20170908,20171208
11854,1,1,1,1,1,1,1,20170902,20171209
10907,1,1,1,1,1,1,1,20170902,20180320
10875,1,1,1,1,1,0,0,20170918,20170929
11475,0,0,0,0,0,1,1,20170909,20180318
10885,1,1,1,1,1,1,1,20170902,20180320
11473,1,1,1,1,1,1,1,20170902,20180320
11477,1,1,1,1,1,1,1,20170902,20180320
11478,0,0,0,0,0,1,1,20170902,20180318
11573,0,0,0,0,0,1,0,20171202,20171209
11572,0,0,0,0,0,0,1,20171203,20171210
11218,0,0,0,0,0,0,1,20171001,20171022
11555,0,0,0,0,0,1,1,20170930,20171022
11554,0,0,0,0,0,1,0,20170930,20171022
11567,0,1,1,1,1,1,0,20171121,20171125
11565,0,1,1,1,1,1,0,20170905,20170916
10808,0,1,1,1,1,1,0,20170919,20170930
11566,0,1,1,1,1,1,0,20171107,20171118
11560,0,0,0,0,0,0,1,20171001,20171022
11559,0,0,0,0,0,1,0,20170930,20171021
11561,0,0,0,0,0,0,1,20171001,20171022
11557,1,1,1,1,1,0,0,20171120,20171124
11558,1,1,0,1,1,0,0,20171030,20171103
11150,1,1,1,1,1,0,0,20171106,20171110
11553,0,0,0,0,0,1,0,20170930,20171022
11550,0,0,0,0,1,0,0,20170929,20171022
11551,0,0,0,0,1,1,0,20170929,20171022
11552,1,1,1,1,1,0,0,20171002,20171027
11562,0,0,0,0,0,0,1,20171001,20171022
11563,0,1,1,0,1,1,0,20171031,20171104
11564,0,1,1,1,1,1,0,20171003,20171028
10577,1,1,1,1,1,0,0,20170904,20171224
11499,0,0,0,0,0,1,1,20170902,20180318
11481,1,1,1,1,1,1,1,20170902,20180320
11503,1,1,1,1,1,1,1,20170902,20180320
11479,1,1,1,1,1,1,1,20170902,20180320
11501,0,0,0,0,0,1,0,20171211,20180317
11483,1,1,1,1,1,1,1,20170902,20180320
11502,0,0,0,0,0,1,1,20171211,20180318
11500,0,0,0,0,0,1,1,20170902,20180318
11488,0,0,0,0,0,1,1,20170902,20180318
11492,1,1,1,1,1,0,0,20171211,20180320
11493,1,1,1,1,1,0,0,20171002,20171020
11494,0,0,0,0,0,1,1,20170902,20180318
11490,1,1,1,1,1,0,0,20171225,20171229
11489,0,0,0,0,0,1,1,20170902,20180318
10914,0,0,0,0,0,0,1,20171030,20180318
11495,0,0,0,0,0,1,1,20170902,20180318
11496,1,1,1,1,1,1,1,20170918,20171022
11544,0,0,0,0,0,1,0,20171113,20180317
11545,1,1,1,1,1,0,1,20170903,20180320
11540,0,0,0,0,0,1,1,20170902,20180318
11547,1,1,1,1,1,1,0,20170902,20180320
11548,0,0,0,0,0,0,1,20171113,20180318
11546,1,0,0,0,0,0,1,20171225,20180128
11543,1,1,1,1,1,1,1,20170902,20180320
11532,1,1,1,1,1,1,1,20170902,20180320
11536,1,1,1,1,1,1,1,20170902,20180320
11533,0,0,0,0,0,1,1,20171113,20180318
11535,1,1,1,1,1,1,1,20170902,20180320
11537,1,1,1,1,1,1,1,20170902,20180320
11541,0,0,0,0,0,1,1,20171113,20180318
11542,1,1,1,1,1,1,1,20170902,20180320
11538,0,0,0,0,0,0,1,20170918,20171112
11539,0,0,0,0,0,0,1,20170902,20171112
10755,1,1,1,1,1,0,0,20170904,20170915
11549,0,0,0,0,0,0,1,20171113,20180318
11534,0,0,0,0,0,1,1,20171113,20180318
11463,1,1,1,1,1,0,0,20171023,20171208
11462,1,1,1,1,1,0,0,20171023,20171110
11464,1,1,1,1,1,0,0,20180115,20180202
11465,1,1,1,1,1,0,0,20180115,20180204
11458,1,1,1,1,1,0,0,20180101,20180320
11459,1,1,1,1,1,0,0,20171023,20171208
11461,1,1,1,1,1,0,0,20171113,20171208
11460,1,1,1,1,1,0,0,20180101,20180316
11469,0,1,1,1,1,1,0,20171114,20171210
11468,1,0,0,0,0,0,1,20170903,20180319
11471,1,0,0,0,0,0,1,20171204,20171224
11466,1,1,1,1,1,0,0,20180115,20180204
11467,0,1,1,1,1,1,0,20180101,20180320
11047,0,0,0,0,0,1,1,20171028,20171029
11472,1,1,1,1,1,1,1,20170902,20180320
11474,0,0,0,0,0,1,1,20170902,20180318
11571,0,0,0,0,0,1,0,20170923,20171021
11570,0,1,1,1,1,0,0,20171003,20171027
11568,0,0,0,0,0,1,0,20170923,20171022
11569,0,0,0,0,0,1,0,20170930,20171022
11484,0,0,0,0,0,1,1,20171216,20180318
11480,0,0,0,0,0,1,1,20170902,20180318
11485,0,0,0,0,0,1,1,20170902,20171126
11486,0,0,0,0,0,1,0,20171211,20180317
11482,0,0,0,0,0,1,1,20170902,20180318
11487,0,0,0,0,0,1,0,20170902,20171105
11498,1,0,0,0,0,0,1,20170903,20180319
11497,1,1,1,1,1,1,1,20180205,20180318
11515,1,1,1,1,1,0,1,20170911,20171124
11516,0,0,0,0,0,0,1,20170911,20171119
11509,1,1,1,1,1,1,1,20171127,20180320
11517,0,0,0,0,0,0,1,20170925,20171029
11518,0,0,0,0,0,0,1,20170916,20171105
11511,0,0,0,0,0,1,1,20171120,20180318
11508,1,1,1,1,1,0,0,20170925,20171022
11512,1,1,1,1,1,0,0,20170911,20171124
11510,0,0,0,0,0,1,1,20171023,20171105
11513,1,1,1,1,1,0,0,20170925,20171022
11514,1,1,1,1,1,0,0,20170925,20171022
11526,1,0,0,0,0,0,0,20170911,20171124
11527,0,0,0,0,0,0,1,20170911,20171119
11528,1,1,1,1,1,1,1,20180115,20180318
11524,0,0,0,0,0,0,1,20171120,20180318
11507,1,1,1,1,1,0,0,20171127,20180320
11521,0,0,0,0,0,1,0,20171120,20180317
11530,1,1,1,1,1,0,0,20170925,20171022
11531,1,1,1,1,1,1,0,20171127,20180320
11529,1,1,1,1,1,0,0,20170911,20171124
11519,0,0,0,0,0,0,1,20170916,20171119
11522,1,1,1,1,1,0,1,20171127,20180320
11505,1,1,1,1,1,0,0,20170911,20171124
11506,1,1,1,1,1,0,0,20180101,20180320
11504,1,1,1,1,1,0,0,20180101,20180320
10902,0,0,0,0,0,1,1,20170902,20180318
10574,1,1,1,1,1,1,1,20170902,20180320
11233,1,1,1,1,1,1,1,20170902,20180320
11210,0,0,0,0,0,1,0,20171113,20171209
11207,1,1,1,1,1,1,1,20170902,20171209
11209,0,0,0,0,1,0,0,20170908,20171208
11208,0,0,0,0,1,0,0,20171215,20180316
11214,1,1,1,1,1,0,0,20171002,20171103
11211,1,1,1,1,1,1,1,20170902,20171209
11213,1,1,1,1,1,0,0,20180108,20180320
11212,0,0,0,0,0,1,1,20171210,20180318
11205,0,0,0,0,0,0,1,20170903,20171203
11204,1,1,1,1,0,0,0,20170904,20171207
11203,1,1,1,1,0,0,0,20171211,20180320
11202,0,0,0,0,0,1,1,20171023,20171209
11206,0,0,0,0,0,0,1,20171023,20171203
11220,1,1,1,1,1,1,1,20171030,20180320
11178,1,1,1,1,1,0,0,20170925,20171027
11224,1,1,1,1,1,1,0,20171030,20180320
11219,1,1,1,1,1,0,0,20171030,20180320
11215,0,0,0,0,1,0,0,20171030,20171208
11216,1,1,1,1,1,0,0,20171106,20171208
11217,0,0,0,0,0,1,1,20171023,20171209
11222,1,1,1,1,1,0,0,20180305,20180309
11223,0,0,0,0,0,1,1,20171023,20180318
11221,0,0,0,0,0,1,1,20171023,20171210
11253,1,1,1,1,1,1,1,20170902,20180320
11252,1,1,1,1,1,1,1,20170902,20180320
11254,1,1,1,1,1,1,1,20170902,20180320
10575,0,0,0,0,0,0,1,20170903,20180318
11261,1,1,1,1,1,0,0,20171211,20180126
11263,1,1,1,1,1,1,1,20171210,20180128
11262,1,1,1,1,1,0,0,20171009,20171117
11257,1,1,1,1,1,0,0,20170904,20171008
11194,1,1,1,1,1,1,1,20170902,20180320
11154,1,1,1,1,1,0,0,20171204,20171208
11160,0,1,1,1,1,1,0,20171107,20171111
11192,1,1,1,1,1,1,1,20170902,20180320
11191,1,1,1,1,1,1,1,20170902,20180320
11193,1,1,1,1,1,1,1,20170902,20180320
11156,0,1,1,1,1,1,0,20171205,20171209
11260,0,0,0,0,0,1,1,20170911,20171105
11227,1,1,1,1,1,1,1,20170902,20180320
11229,1,1,1,1,1,1,0,20170902,20180320
11248,1,1,1,1,1,1,1,20171211,20180320
11249,0,0,0,0,0,1,1,20171023,20180318
11239,0,0,0,0,0,0,1,20170903,20170917
11240,0,0,0,0,0,0,1,20170924,20171203
10819,1,1,1,1,1,0,0,20170904,20171208
11242,1,1,1,1,1,0,0,20170904,20171027
11234,1,1,1,1,1,0,0,20171023,20171117
11237,1,1,1,1,1,0,0,20170904,20171022
11238,1,1,1,1,1,0,0,20171030,20171208
11236,1,0,0,0,0,1,1,20171023,20171209
11243,0,1,1,1,1,0,0,20170905,20171208
11247,1,1,1,1,1,0,0,20171002,20171022
11246,1,1,1,1,1,0,0,20171120,20171208
11245,1,1,1,1,1,0,0,20171211,20180105
11230,1,1,1,1,1,1,1,20170902,20180320
11256,0,0,0,0,0,1,1,20170902,20180318
11255,1,1,1,1,1,1,1,20170902,20180320
11107,1,1,1,1,1,1,1,20170902,20180320
11232,0,0,0,0,0,1,1,20170902,20180318
11010,0,0,0,0,0,1,0,20170902,20180317
11250,1,1,1,1,1,1,1,20170902,20180320
11030,1,1,1,1,1,0,1,20170903,20180320
11226,1,1,1,1,1,1,1,20170902,20180320
11228,1,1,1,1,1,0,0,20170904,20180320
10967,1,1,1,1,1,1,0,20170902,20180320
11225,1,1,1,1,1,1,1,20170902,20180320
11258,1,1,1,1,1,0,0,20171102,20171117
11259,1,1,1,1,1,0,0,20171009,20171027
11200,1,1,1,1,1,1,1,20170902,20180320
11199,1,1,1,1,1,1,1,20170902,20180318
11196,1,1,1,1,1,1,1,20170902,20180320
11198,1,1,1,1,1,1,1,20170903,20180319
11195,1,1,1,1,1,0,0,20170904,20180320
10602,0,0,0,0,0,0,1,20170903,20180318
11231,0,0,0,0,0,1,1,20170911,20171105
12609,1,1,1,1,1,1,1,20170903,20171224
12607,0,0,0,0,0,1,1,20170903,20171224
12610,1,1,1,1,1,1,1,20170904,20171224
12611,1,1,1,1,1,1,1,20170903,20171224
12612,1,1,1,1,1,1,1,20170903,20171224
12621,1,1,1,1,1,1,1,20180101,20180320
12614,1,1,1,1,1,0,0,20171023,20171110
12615,0,1,0,0,1,1,0,20171024,20171111
12604,1,1,1,1,1,1,1,20170902,20171210
12617,1,1,1,1,1,1,1,20170903,20171210
12605,1,1,1,1,1,1,1,20170904,20171210
12620,0,0,0,0,0,1,1,20180101,20180318
12623,0,0,1,1,1,1,0,20171227,20171230
12624,1,0,0,0,0,0,1,20170904,20171224
12622,1,1,1,1,1,1,1,20180101,20180320
12616,1,1,1,1,1,1,1,20170911,20171210
12619,1,1,1,1,1,0,0,20180101,20180320
10879,0,1,1,1,1,0,0,20180102,20180105
11041,1,1,1,1,0,0,0,20170918,20170928
10851,0,0,0,0,0,1,0,20170902,20170910
10852,1,1,1,1,1,1,1,20170912,20180320
10853,1,1,1,1,1,1,1,20170902,20170911
10849,0,0,0,0,0,0,1,20170903,20170910
10850,1,1,1,1,1,1,1,20170912,20180320
10869,1,1,1,1,1,1,1,20170912,20180319
10868,1,1,1,1,1,0,0,20170912,20171208
10870,0,0,0,0,0,1,1,20170902,20170910
10871,0,0,0,0,0,1,1,20170916,20180318
10752,1,1,1,1,0,0,0,20171009,20171012
10858,1,1,1,1,1,1,1,20180108,20180320
10859,0,0,0,0,0,1,1,20170902,20170910
10860,1,1,1,1,1,1,0,20171016,20180320
10857,0,0,0,0,0,1,0,20171113,20171209
10854,0,0,0,0,0,0,1,20171002,20180318
10864,1,1,1,1,1,1,0,20171002,20171015
10867,1,1,1,1,1,0,0,20170904,20170911
10866,1,1,1,1,1,1,0,20170902,20170911
10865,1,1,1,1,1,1,0,20170912,20180320
10862,1,1,1,1,1,1,1,20170912,20180320
10861,1,1,1,1,1,1,1,20170916,20180320
10863,0,0,0,0,0,0,1,20171009,20180318
11037,0,1,1,1,1,0,0,20170919,20170929
10928,0,1,1,1,1,1,0,20171003,20171007
11056,1,1,1,1,1,1,1,20171016,20171209
10986,0,1,1,1,1,0,0,20171010,20171013
11039,0,1,1,1,1,0,0,20170912,20170929
10929,0,0,1,1,1,1,0,20180103,20180106
10934,1,1,1,1,1,1,0,20170904,20180320
10932,0,0,0,0,0,1,0,20171113,20180317
10933,1,1,1,1,1,1,0,20170904,20180320
10935,0,0,0,0,0,0,1,20171009,20180318
10931,0,0,0,0,0,1,0,20171113,20180317
10930,0,0,0,0,0,1,0,20171030,20180317
10898,0,0,0,0,0,0,1,20170903,20170910
11024,1,1,1,1,1,1,1,20170904,20180320
11026,1,1,1,1,1,1,0,20170902,20180319
11025,1,1,1,1,1,1,1,20170902,20180320
11021,1,1,1,1,1,1,1,20170925,20180320
10982,1,1,1,1,1,1,1,20170902,20180320
11022,1,1,1,1,1,1,1,20171009,20180320
11023,1,1,1,1,1,1,1,20171016,20171209
11029,1,1,1,1,1,1,0,20171002,20171015
10908,1,1,1,1,1,1,1,20170902,20180320
11027,1,1,1,1,1,1,0,20170902,20180319
10925,0,0,0,0,0,1,0,20171030,20180317
11028,1,1,1,1,1,1,0,20170902,20180107
11019,0,0,0,0,0,0,1,20170925,20180318
11018,0,0,0,0,0,0,1,20170925,20180318
11020,1,1,1,1,1,1,1,20170902,20180320
10970,1,1,1,1,1,1,1,20170902,20180320
10911,1,1,1,1,1,1,1,20170902,20180320
11014,0,0,0,0,0,1,0,20171113,20180317
11013,0,0,0,0,0,1,1,20170902,20180318
10961,1,1,1,1,1,1,1,20170902,20180320
11015,0,0,0,0,0,1,0,20171113,20180317
10832,0,0,0,0,0,1,1,20171030,20180318
10830,0,0,0,0,0,0,1,20170903,20171217
11057,0,0,0,0,0,0,1,20170903,20180318
10989,1,1,1,1,1,0,0,20171113,20171201
10983,0,0,0,0,0,0,1,20171009,20180318
10985,0,0,0,0,0,1,1,20170902,20180318
10984,0,0,0,0,0,0,1,20171016,20180318
10987,0,0,0,0,0,1,0,20170902,20171001
10988,0,0,0,0,1,0,0,20170904,20171001
10981,1,1,1,1,1,1,1,20171016,20171209
10980,1,0,0,0,0,0,1,20170903,20171001
10831,0,0,0,0,0,1,0,20170902,20171008
10834,0,0,0,0,0,1,0,20171113,20180317
11001,1,1,1,1,1,0,0,20170904,20171224
11000,1,1,1,1,1,0,0,20170904,20171224
10900,1,1,1,1,1,1,1,20180108,20180320
10960,1,1,1,1,1,0,0,20170904,20180320
10959,1,1,1,1,1,1,1,20170902,20180320
10958,1,1,1,1,1,1,1,20170902,20180320
10962,1,1,1,1,1,1,1,20170902,20180320
10954,1,1,1,1,1,1,1,20170902,20171224
10957,1,1,1,1,1,1,1,20170902,20180320
10956,1,1,1,1,1,0,0,20170904,20171224
10955,1,1,1,1,1,1,1,20170902,20180320
10964,1,1,1,1,1,1,0,20170902,20180320
10965,1,1,1,1,1,1,0,20170902,20180320
10963,1,1,1,1,1,1,1,20170902,20180320
10968,1,1,1,1,1,1,1,20170902,20171224
10966,1,1,1,1,1,1,1,20170902,20180320
10969,1,1,1,1,1,1,1,20170902,20171224
10912,1,1,1,1,1,1,1,20170902,20180319
10973,1,1,1,1,1,1,0,20170902,20171224
10573,0,0,0,0,0,1,1,20170902,20180318
10972,1,1,1,1,1,1,0,20170902,20171224
10974,1,1,1,1,1,1,1,20170902,20171224
10971,1,1,1,1,1,1,1,20170902,20171224
11034,1,1,1,1,0,0,0,20170911,20170928
10901,1,1,1,1,1,1,1,20170902,20180320
10904,1,1,1,1,1,1,1,20170904,20180320
10905,1,1,1,1,1,0,1,20170904,20170910
10903,1,1,1,1,1,0,0,20170904,20180320
10906,1,1,1,1,1,0,1,20171002,20171015
10897,1,1,1,1,1,1,1,20170904,20180320
10899,1,1,1,1,1,1,1,20170902,20180320
10841,1,1,1,1,1,1,0,20170902,20180320
10909,1,1,1,1,1,1,1,20170902,20180320
10910,1,1,1,1,1,0,0,20170904,20180319
10926,0,1,1,1,1,1,0,20171014,20171209
10951,0,0,0,0,0,1,0,20180101,20180317
10924,1,1,1,1,1,0,0,20170904,20180320
11059,0,0,0,0,0,1,0,20170925,20180317
11060,1,1,1,1,1,1,1,20170903,20180320
10842,1,1,1,1,1,1,0,20170902,20180320
10838,1,1,1,1,1,1,0,20170902,20180320
10843,1,1,1,1,1,1,0,20170902,20180319
10840,1,1,1,1,1,1,1,20170902,20171209
11055,1,1,1,1,1,1,0,20170902,20180319
11054,1,1,1,1,1,1,0,20170902,20180320
11052,1,0,0,0,0,0,1,20171224,20180101
11035,1,1,1,1,1,1,1,20180108,20180320
11040,1,1,1,1,0,0,0,20170912,20170929
11002,1,1,1,1,1,0,0,20170904,20171224
10886,0,0,0,0,0,1,1,20171030,20180318
10884,1,1,1,1,1,1,1,20170902,20180320
10889,0,0,0,0,0,1,1,20171030,20180318
10888,0,0,0,0,0,1,0,20171113,20180317
10882,1,1,1,1,1,1,1,20170902,20180320
10883,0,0,0,0,0,1,1,20170902,20171015
10881,0,0,0,0,1,0,0,20170915,20170929
10893,0,0,0,0,0,0,1,20171030,20180318
10894,0,0,0,0,0,0,1,20171030,20180318
10891,1,1,1,1,1,1,1,20170902,20180320
10890,1,1,1,1,1,1,1,20170912,20180320
10892,1,0,0,0,0,0,1,20170902,20170925
11038,1,1,1,1,0,0,0,20170911,20170917
10979,0,0,0,0,0,0,1,20171030,20180318
10949,1,1,1,1,1,1,1,20170902,20180319
10916,1,1,1,1,1,1,1,20170902,20180319
10950,1,1,1,1,1,1,1,20170904,20180320
10938,0,0,0,0,1,0,0,20170922,20170929
10939,0,0,1,1,0,0,0,20171009,20171022
10936,1,1,1,0,1,0,0,20170904,20170908
10946,1,1,1,1,1,1,1,20170904,20180320
10945,1,1,1,1,1,1,1,20171210,20180320
10948,1,1,1,1,1,1,1,20171016,20171209
10947,1,1,1,1,1,1,1,20170902,20180320
10943,1,1,1,1,1,1,1,20170902,20180320
10941,0,0,0,0,0,1,1,20171030,20180318
10944,1,1,1,1,1,1,1,20170902,20180320
10940,0,0,0,0,0,1,1,20171030,20180318
10942,0,0,0,0,0,1,1,20171030,20180318
10917,1,1,1,1,1,1,0,20170902,20180319
10918,1,1,1,1,1,0,0,20170904,20180320
10915,0,0,0,0,0,1,0,20171113,20180317
10584,1,1,1,1,1,0,0,20171016,20171208
10952,0,0,0,0,0,0,1,20180101,20180318
10922,1,1,1,1,1,1,0,20170902,20180320
10921,1,1,1,1,1,1,0,20170902,20180320
10923,1,1,1,1,1,1,0,20170902,20180320
10953,0,0,0,0,0,0,1,20180101,20180318
11051,1,1,1,1,1,1,1,20170902,20180320
10990,1,1,1,1,1,1,1,20170902,20180320
10994,1,1,1,1,1,1,1,20170902,20180320
10995,1,1,1,1,1,1,1,20170902,20180320
10996,1,1,1,1,1,1,0,20170911,20180320
10993,1,1,1,1,1,1,1,20170902,20180320
10992,1,1,1,1,1,1,0,20171009,20180320
11003,0,0,0,0,0,1,1,20170902,20171224
11004,1,1,1,1,1,1,1,20170902,20180320
11005,1,1,1,1,1,1,1,20170902,20180319
11006,1,1,1,1,1,1,1,20170902,20171224
11011,1,1,1,1,1,1,0,20170902,20171224
11008,1,1,1,1,1,1,1,20170902,20180320
11009,1,1,1,1,1,1,1,20170902,20171224
11007,0,0,0,0,0,1,1,20170902,20171224
10657,1,1,1,1,1,1,0,20170902,20180320
11049,0,0,0,0,0,1,0,20171113,20180317
11048,0,0,1,1,0,0,0,20171009,20171022
11050,1,1,1,1,1,1,0,20170902,20180320
10703,1,1,1,1,1,0,0,20180101,20180320
10586,0,0,0,0,0,0,1,20171002,20180318
10706,1,0,0,0,0,0,0,20171016,20171224
10760,1,0,0,0,0,0,0,20170918,20171224
10761,0,0,0,0,0,0,1,20170903,20171217
10762,1,0,0,0,0,0,0,20170918,20171224
10662,1,1,1,1,1,1,1,20170902,20171209
10664,0,0,0,0,0,0,1,20170903,20180318
10656,1,1,1,1,1,1,1,20170902,20180320
10665,1,0,0,0,0,0,0,20170904,20171224
10692,1,0,0,0,0,0,0,20170904,20171224
10693,1,1,1,1,1,1,0,20171113,20180320
10568,0,0,0,0,0,0,1,20171127,20180107
10691,1,1,1,1,1,0,0,20180219,20180319
10690,0,0,0,0,0,1,0,20171113,20171209
10592,0,0,0,0,1,0,0,20171030,20171124
10585,1,1,1,1,1,1,0,20171113,20180320
10757,0,0,0,0,1,0,0,20170908,20170915
10758,1,1,1,1,0,0,0,20170904,20170914
10583,0,0,0,0,0,1,1,20171030,20171126
10626,1,1,1,1,0,0,0,20171030,20171123
10625,0,0,0,0,1,0,0,20171103,20171124
10754,0,0,0,0,1,1,0,20171216,20180317
10590,1,1,1,1,1,1,1,20170902,20180320
10587,1,1,1,1,1,1,1,20170902,20180320
10589,0,0,0,0,0,0,1,20170903,20180318
10588,0,0,0,0,0,1,1,20171204,20180318
10591,0,0,0,0,0,1,0,20171113,20180317
10578,0,0,0,0,0,1,0,20170902,20180317
10580,1,1,1,1,1,1,0,20171113,20180218
10579,0,0,0,0,0,1,1,20171002,20180211
10582,1,1,1,1,1,1,0,20170902,20171001
10581,1,1,1,1,1,1,1,20170902,20180320
10623,0,0,0,0,0,1,1,20170902,20180318
10723,0,0,0,0,0,0,1,20171009,20171022
10567,0,0,0,0,0,0,1,20171127,20180318
10566,0,0,0,0,0,1,0,20171127,20180107
10740,0,0,0,0,0,1,1,20171009,20171022
10742,0,0,0,0,0,1,1,20171009,20171022
10731,1,1,1,1,0,0,0,20170918,20171130
10733,1,1,1,1,0,0,1,20180101,20180320
10599,1,1,1,1,1,0,0,20180101,20180320
10713,0,0,0,0,1,0,0,20171020,20171110
10714,1,1,1,1,0,0,0,20171016,20171109
10715,1,1,1,1,1,0,0,20170918,20171201
10716,0,0,0,0,1,0,0,20170922,20171201
10694,0,0,0,0,1,0,0,20170922,20171015
10608,0,0,0,0,0,1,1,20171009,20171029
10617,1,1,1,1,1,1,1,20170902,20180320
10613,0,0,0,0,0,1,0,20171009,20171029
10659,1,1,1,1,1,1,1,20171009,20171029
10616,0,0,0,0,0,1,1,20171204,20180318
10610,1,1,1,1,1,1,1,20170902,20180320
10620,1,1,1,1,1,1,1,20171211,20180320
10661,1,1,1,1,1,1,1,20171120,20180320
10606,0,0,0,0,0,1,1,20171204,20180318
10671,1,1,1,1,1,1,1,20171120,20180320
10670,0,0,0,0,0,1,0,20171009,20171029
10669,0,0,0,0,0,1,1,20171204,20180107
10609,1,1,1,1,1,1,1,20171009,20171029
10663,0,0,0,0,0,1,1,20171204,20180107
10717,1,1,1,1,1,0,0,20170918,20171201
10622,0,0,0,0,0,1,1,20171007,20171008
10712,1,1,1,1,1,0,0,20171030,20171124
10776,0,0,0,0,0,0,1,20180108,20180204
10646,0,0,0,0,0,0,1,20171127,20180318
10644,1,1,1,1,1,1,0,20171211,20180320
10645,1,1,1,1,1,1,0,20171211,20180218
10641,1,1,1,1,1,1,0,20170902,20180320
10642,0,0,0,0,0,0,1,20170911,20171001
10633,1,1,1,1,1,1,1,20170902,20180320
10650,1,1,1,1,1,1,0,20180108,20180218
10649,1,1,1,1,1,1,0,20170902,20180320
10648,1,1,1,1,1,1,0,20180108,20180218
10647,0,0,0,0,0,0,1,20170918,20171001
10651,0,0,0,0,0,0,1,20171127,20180318
10629,0,0,0,0,0,1,1,20171127,20171209
10630,0,0,0,0,0,1,1,20171127,20180318
10631,1,1,1,1,1,0,0,20170904,20170924
10638,0,0,0,0,0,0,1,20171127,20180318
10637,1,1,1,1,1,1,0,20171127,20180320
10640,0,0,0,0,0,1,0,20171211,20180317
10632,0,0,0,0,0,1,1,20171127,20180318
10634,1,1,1,1,1,1,1,20170902,20180320
10635,1,1,1,1,1,0,0,20170902,20170924
10674,0,0,0,0,1,0,0,20171020,20171027
10711,1,1,1,1,1,0,0,20171016,20171027
10708,0,0,0,0,0,1,0,20171030,20171125
10777,1,1,1,1,0,0,1,20180101,20180204
10778,1,1,1,1,0,0,1,20180101,20180320
10675,0,0,0,0,0,1,1,20171127,20180318
10666,1,1,1,1,1,1,1,20170902,20180320
10676,0,0,0,0,0,1,1,20170911,20171001
10681,0,0,0,0,0,1,0,20171127,20180317
10672,1,1,1,1,0,0,0,20171030,20171123
10682,0,0,0,0,0,0,1,20171127,20180318
10683,1,1,1,1,1,1,0,20170902,20180320
10673,1,1,1,1,0,0,0,20171016,20171026
10677,1,1,1,1,1,1,1,20171127,20180320
10678,0,0,0,0,0,1,1,20171218,20180107
10679,0,0,0,0,0,1,0,20171127,20171224
10680,1,1,1,1,1,0,0,20171002,20171022
10685,0,0,0,0,0,0,1,20171127,20180318
10684,0,0,0,0,1,1,0,20171211,20180317
10605,1,1,1,1,1,1,1,20171211,20180320
10604,0,0,0,0,0,1,1,20180101,20180318
10771,1,1,1,1,1,0,0,20170902,20171209
10764,1,1,1,1,1,1,0,20171211,20180320
10774,1,1,1,1,1,1,1,20171127,20180320
10775,1,1,1,1,1,1,1,20171211,20180320
10773,1,1,1,1,1,1,1,20171127,20180320
10772,1,1,1,1,1,0,0,20170918,20171022
10736,1,1,1,1,0,0,1,20180101,20180320
10737,1,1,1,1,1,0,0,20180101,20180320
10600,1,1,1,1,1,0,0,20170904,20171013
10747,0,0,0,0,0,0,1,20171009,20171217
10745,1,1,1,1,1,0,0,20170904,20171015
10746,1,1,1,1,0,0,1,20170903,20171217
10658,0,0,0,0,0,1,1,20170902,20180318
10652,0,0,0,0,0,0,1,20170903,20180318
10653,0,0,0,0,0,1,0,20170902,20180317
10654,0,0,0,0,0,0,1,20171002,20180318
10655,0,0,0,0,0,1,0,20170902,20180317
10624,1,1,1,1,1,1,1,20170902,20180320
10696,0,0,0,0,1,0,0,20170908,20171208
10695,1,1,1,1,1,0,0,20170918,20171015
10726,1,1,1,1,1,0,0,20171016,20171027
10768,1,1,1,1,1,0,0,20180108,20180211
10770,1,1,1,1,1,0,0,20180108,20180211
10769,1,1,1,1,0,0,1,20171002,20171105
10759,0,0,0,0,0,0,1,20170903,20171217
10729,0,0,0,0,0,1,1,20171113,20171126
10698,0,0,0,0,0,1,0,20171127,20171217
10700,0,0,0,0,0,1,1,20171127,20180318
10699,1,1,1,1,1,1,1,20170902,20180320
10667,1,1,1,1,1,1,1,20171127,20180320
10697,0,0,0,0,0,1,1,20180129,20180218
10702,0,0,0,0,0,0,1,20171023,20171112
10701,0,0,0,0,0,1,1,20171023,20171112
10603,0,0,0,0,0,0,1,20171204,20180318
10660,1,1,1,1,1,1,1,20170904,20180320
10601,0,0,0,0,0,0,1,20170903,20180318
10618,0,0,0,0,0,1,0,20171204,20180317
10619,1,1,1,1,1,1,1,20171211,20180320
10612,1,1,1,1,1,1,0,20170902,20180320
10615,0,0,0,0,0,1,1,20171009,20171029
10614,1,1,1,1,1,1,1,20171211,20180320
10598,1,1,1,1,1,1,1,20171009,20171029
10744,0,0,0,0,0,0,1,20170903,20171217
10738,0,0,0,0,0,1,0,20171009,20171021
10741,0,0,0,0,0,1,0,20171118,20171125
10796,0,0,0,0,0,1,0,20171127,20180317
10785,1,1,1,1,1,1,1,20171211,20180218
10782,1,1,1,1,1,0,0,20170902,20171209
10797,1,1,1,1,1,1,0,20171211,20180320
10798,1,1,1,1,1,0,0,20170902,20171015
10799,1,1,1,1,1,1,0,20180108,20180218
10787,1,1,1,1,1,0,0,20170902,20171209
10784,1,1,1,1,1,1,1,20171210,20180320
10788,1,1,1,1,1,0,0,20170904,20171103
10786,1,1,1,1,1,0,0,20170904,20171015
10794,0,0,0,0,0,1,1,20171127,20171209
10793,1,1,1,1,1,1,1,20171211,20180320
10766,0,0,0,0,0,1,0,20171216,20180317
10789,0,0,0,0,0,1,1,20171127,20180318
10791,0,0,0,0,0,1,0,20171216,20180107
10790,1,1,1,1,1,0,0,20180101,20180320
10783,1,1,1,1,1,1,1,20171127,20171209
10763,0,0,0,0,0,0,1,20170903,20171217
10734,1,1,1,1,0,0,0,20171030,20171123
10765,0,0,0,0,0,1,0,20171127,20180107
11130,0,1,1,1,1,1,0,20170926,20171007
11125,0,1,1,1,1,1,0,20171024,20171028
11148,1,1,1,1,1,0,0,20170925,20171006
11172,1,1,1,1,1,0,0,20180312,20180316
11168,0,1,1,1,1,1,0,20171010,20171014
11134,1,1,1,1,1,0,0,20170925,20171008
11136,0,0,0,0,1,0,0,20171110,20171117
11133,1,1,1,1,1,0,0,20170925,20171008
11131,0,1,1,1,1,1,0,20171016,20171029
11132,0,0,0,0,0,1,0,20171106,20171118
11158,1,1,1,1,1,0,0,20171106,20180320
11159,1,1,1,1,1,0,0,20171113,20180320
11115,1,1,1,1,1,0,0,20171023,20180320
11114,1,1,1,1,1,1,1,20170902,20180320
11122,1,1,1,1,1,1,1,20171023,20171210
11113,1,1,1,1,1,1,1,20170902,20180320
11112,0,0,0,0,0,1,0,20171204,20180317
11151,1,1,1,1,1,1,1,20170902,20180320
11153,1,1,1,1,1,1,1,20170902,20180320
11152,1,1,1,1,1,1,1,20170902,20180320
11157,1,1,1,1,1,1,1,20170902,20180320
11095,1,1,1,1,1,1,1,20170902,20180320
11155,1,1,1,1,1,1,1,20170902,20180320
11098,1,1,1,1,1,0,0,20171016,20171022
11099,1,1,0,0,0,0,0,20171016,20171017
11096,1,1,1,1,1,1,1,20170902,20180320
11139,0,1,1,1,1,1,0,20171031,20171104
11140,0,1,1,1,1,1,0,20170912,20170923
11141,1,1,1,1,1,0,0,20170911,20170922
11138,1,1,1,1,1,0,0,20171030,20171103
11105,1,1,1,1,1,1,1,20170902,20180320
11106,0,0,0,0,0,1,1,20170902,20180318
11104,1,0,0,0,0,0,1,20170902,20180319
11101,0,0,0,0,0,1,1,20170902,20180318
11088,1,1,1,1,1,1,1,20170902,20180320
11094,1,1,1,1,1,1,1,20170902,20180320
11089,1,1,1,1,1,1,1,20170902,20180320
11090,1,0,0,0,0,0,1,20170902,20180319
11092,1,1,1,1,1,1,1,20170902,20180320
11091,0,0,0,0,0,1,1,20170902,20180318
11093,1,1,1,1,1,0,0,20171113,20180320
11120,1,1,1,1,1,1,1,20171211,20180311
11116,1,1,1,1,1,1,1,20171211,20180311
11119,1,1,1,1,1,1,1,20170902,20180320
11118,1,1,1,1,1,1,1,20170902,20180320
11121,1,1,1,1,1,1,1,20171211,20180311
11110,1,1,1,1,1,0,0,20171009,20171208
11111,1,1,1,1,1,0,0,20171002,20171008
11109,0,0,0,1,1,0,0,20171102,20171103
11102,1,1,1,1,1,1,1,20170902,20180320
11103,1,1,1,1,1,1,1,20170902,20180320
11100,0,0,0,0,0,1,1,20170902,20180318
11161,1,1,1,1,1,0,0,20171009,20180320
11164,1,0,0,0,0,0,1,20170902,20180319
11165,1,1,1,1,1,1,1,20170902,20180320
11163,0,0,0,0,0,1,1,20170902,20180318
11162,1,1,1,1,1,1,1,20170902,20180320
11166,1,1,1,1,1,1,1,20170902,20180320
11167,1,1,1,1,1,1,1,20170902,20180320
12642,0,0,0,0,0,1,1,20170903,20171112
12641,0,0,0,0,0,1,1,20171118,20180318
12626,1,1,1,1,1,0,0,20180101,20180320
12625,1,1,1,1,1,0,0,20170904,20171110
12658,1,1,1,1,1,1,1,20171210,20180320
12632,1,1,0,0,0,0,0,20170908,20170912
11620,0,0,0,0,0,1,1,20170909,20170910
12631,0,1,1,1,0,0,0,20170919,20170921
12633,1,1,0,0,0,0,0,20170911,20170912
12629,1,1,1,1,1,1,1,20171113,20180320
12635,1,1,1,1,1,1,1,20170903,20171112
12634,1,1,1,1,1,1,1,20170911,20171112
12648,0,1,1,0,0,0,0,20171003,20171004
12649,1,1,1,1,1,0,0,20170904,20171110
12650,0,0,0,0,0,1,1,20170911,20171112
12651,1,1,1,1,1,1,1,20170903,20171112
12654,1,1,1,1,1,1,1,20170904,20171110
12628,1,1,1,1,1,1,1,20170903,20171112
12643,0,0,0,0,0,1,1,20171118,20171209
12640,1,1,1,1,1,1,1,20170903,20171112
12647,1,1,1,1,1,1,1,20171113,20171209
12653,1,1,1,1,1,0,0,20170904,20171110
12652,0,0,0,0,0,1,1,20170911,20171112
12638,1,1,1,1,1,1,1,20170904,20171110
12636,1,1,1,1,1,1,1,20170904,20171113
12630,1,1,1,1,0,0,0,20170925,20171006
12637,1,1,1,1,1,1,1,20171114,20180320
12645,1,1,1,1,1,1,1,20170903,20171112
12646,1,1,1,1,1,1,1,20170904,20171113
12655,1,1,1,1,1,1,1,20170903,20171112
12657,1,1,1,1,1,1,1,20170903,20171112
12656,0,0,0,0,0,1,1,20170911,20171209
11180,0,1,1,1,1,1,0,20171010,20171021
11177,1,1,1,1,1,0,0,20170911,20171103
11175,0,1,1,1,1,1,0,20170926,20171008
11179,1,1,1,1,1,0,0,20170925,20171008
11585,0,1,1,1,1,1,0,20171113,20171209
11579,0,1,1,1,1,1,0,20171003,20171112
11580,1,1,1,1,1,0,0,20171002,20171112
11582,0,1,1,1,1,1,0,20171003,20171029
11578,1,1,1,1,1,0,0,20171002,20171029
11589,1,1,1,1,1,0,0,20170904,20171020
11575,0,1,1,1,1,1,0,20171023,20171209
11576,0,1,1,1,1,1,0,20171024,20171209
11584,1,1,1,1,1,0,0,20171113,20171208
11583,1,1,1,1,1,0,0,20171002,20171208
11314,0,1,1,1,1,1,0,20170905,20171209
11590,1,1,1,1,1,0,0,20170918,20171112
11587,1,1,1,1,1,0,0,20170918,20171029
11071,0,0,0,0,0,1,0,20170923,20170930
11588,0,1,1,1,1,0,0,20170919,20171027
9410,1,1,1,1,1,0,0,20170927,20171020
9393,0,1,1,1,1,1,0,20170927,20171021
12003,1,1,1,1,1,0,0,20171002,20171015
12006,1,1,1,1,1,0,0,20171113,20171201
12007,1,1,1,1,0,0,0,20170904,20171005
12005,0,1,1,1,1,1,0,20170902,20171209
12010,1,1,1,1,1,0,0,20170904,20171103
12009,1,1,1,1,1,0,0,20170904,20171001
12008,0,1,1,1,1,1,0,20170902,20171104
11695,1,1,1,1,1,1,0,20170902,20171208
11068,1,1,1,1,1,0,0,20170911,20170929
11448,1,1,1,1,1,0,0,20170929,20171006
11450,1,1,1,1,0,0,0,20170911,20170921
11078,1,1,1,1,1,0,0,20170904,20170928
11451,1,1,1,1,1,0,0,20170904,20170917
11452,1,1,1,1,1,0,0,20170911,20171006
11454,1,1,1,1,1,0,0,20170911,20170928
11455,0,0,0,0,1,0,0,20170904,20170917
11444,1,1,1,1,1,0,0,20170904,20171006
11443,1,1,1,1,1,0,0,20170915,20170928
11447,1,1,1,1,1,0,0,20170911,20170928
11441,0,0,0,0,0,1,1,20170930,20171008
11442,1,1,1,1,1,0,0,20170918,20170928
11440,0,1,1,1,1,1,0,20170912,20170923
11445,1,1,1,1,1,0,0,20170904,20171006
11063,0,1,1,1,1,1,0,20170902,20170930
12014,0,1,1,1,1,1,0,20170905,20170924
12015,1,1,1,1,1,0,0,20170904,20170924
11066,0,1,1,1,1,1,0,20170905,20170930
11067,1,1,1,1,1,0,0,20170911,20170930
11073,0,1,1,1,1,1,0,20170902,20170923
11077,1,1,1,1,1,0,0,20170904,20170917
9390,1,1,1,1,1,0,0,20171002,20171006
9418,1,1,1,1,1,0,0,20171009,20171013
9383,0,1,1,1,1,0,0,20171003,20171006
9403,0,1,1,1,1,1,0,20171010,20171014
9414,1,1,1,1,0,0,0,20171002,20171005
9407,0,1,1,1,1,0,0,20171010,20171013
9382,1,1,1,1,0,0,0,20171009,20171012
11065,0,1,1,1,1,1,0,20170902,20170909
11074,0,1,1,1,1,1,0,20170902,20170916
11075,0,1,1,1,1,1,0,20170902,20170915
11076,0,1,1,1,1,1,0,20170916,20170930
11062,0,0,0,0,0,1,0,20170905,20170930
11064,0,1,1,1,1,1,0,20170912,20170930
11084,1,1,1,1,1,1,0,20170902,20170909
11085,1,1,1,1,1,0,0,20170904,20170908
11086,1,1,1,1,1,0,0,20170918,20170929
11087,1,1,1,1,1,0,0,20170904,20170910
10800,0,0,0,0,0,0,1,20171001,20171013
10807,0,1,1,1,1,1,0,20170902,20171209
10806,1,1,1,1,1,0,0,20170904,20171208
10805,1,1,1,1,1,0,0,20171009,20171130
10823,1,1,1,1,1,0,0,20171009,20171130
10821,0,1,1,0,0,0,0,20171031,20171110
10822,0,1,1,1,1,1,0,20171010,20171201
10809,1,1,1,1,1,0,0,20171030,20171208
10811,0,1,1,1,1,1,0,20171030,20171209
10814,1,0,0,0,0,0,0,20171002,20171023
10812,0,1,1,1,1,1,0,20171030,20171209
10803,1,1,1,1,1,0,0,20171030,20171208
10802,1,1,1,1,1,0,0,20171016,20171103
10826,1,1,1,1,1,0,0,20171030,20171208
10825,0,0,0,0,0,0,1,20170930,20171022
9384,0,0,0,0,0,1,1,20171014,20171022
9385,0,0,0,0,0,0,1,20171001,20171022
9398,0,0,0,0,0,0,1,20171001,20171022
9389,0,0,0,0,0,1,0,20170930,20171021
9394,0,0,0,0,1,1,0,20170929,20171021
9401,0,0,0,0,1,1,1,20170929,20171022
10817,1,1,1,1,0,0,1,20170910,20171001
10810,1,1,1,1,1,0,0,20171030,20171208
10801,0,1,1,1,1,1,0,20171017,20171104
10815,1,1,1,1,1,0,0,20170904,20171015
11311,1,1,1,1,1,0,0,20170925,20171008
11310,1,1,1,1,1,0,0,20171009,20171020
11309,1,1,1,1,1,1,1,20170902,20171210
11317,0,0,0,0,0,1,1,20171002,20171022
11315,0,0,0,0,0,1,1,20170930,20171001
11316,0,0,0,0,0,1,0,20171002,20171021
11318,0,1,1,1,1,1,0,20170926,20171021
11313,1,1,1,1,1,0,0,20170925,20171020
11322,1,1,1,1,1,0,0,20170911,20171105
9412,0,0,0,0,0,1,1,20170930,20171022
9392,0,0,0,0,0,1,0,20170930,20171021
9419,1,0,0,0,0,0,1,20171001,20171022
11323,1,1,1,1,1,0,0,20171009,20171020
11319,1,1,1,1,1,0,0,20170911,20171110
11321,1,1,1,1,1,0,0,20171023,20171103
11320,1,1,1,1,1,0,0,20170911,20171020
11312,1,1,1,1,1,0,0,20170925,20171103
11623,0,1,1,1,1,1,0,20170902,20170916
11692,0,1,1,1,1,1,0,20171003,20171021
11664,0,0,0,0,0,1,0,20171007,20171104
11694,0,0,0,0,0,0,1,20171008,20171022
11665,0,0,0,0,0,0,1,20171008,20171105
11663,0,0,0,0,0,1,1,20171007,20171105
9417,0,0,0,0,0,1,1,20170930,20171001
12660,1,1,1,1,1,0,0,20170925,20171006
11624,1,1,1,1,1,1,1,20171127,20180225
11622,1,1,1,1,1,1,1,20171127,20180319
11650,0,1,1,1,1,1,0,20170911,20171001
11648,0,1,1,1,1,1,0,20170919,20171001
11668,0,0,0,0,0,0,1,20180107,20180114
11667,0,0,0,0,0,1,0,20180106,20180113
11669,0,0,0,0,0,1,1,20180106,20180114
11670,0,0,0,0,0,1,0,20171014,20171104
11654,0,0,0,0,0,1,1,20180122,20180304
11653,1,1,1,1,1,1,1,20180101,20180304
11681,1,1,1,1,1,1,1,20180129,20180305
11678,0,0,0,0,0,1,1,20180203,20180204
11607,0,0,0,0,0,1,1,20170902,20180304
11618,1,1,1,1,1,1,1,20170902,20180316
11605,1,1,1,1,1,1,1,20170902,20180320
11619,1,1,1,1,1,1,1,20170902,20180315
11604,0,0,0,0,0,1,1,20171002,20180304
11610,1,1,1,1,1,1,1,20170902,20180320
11629,1,1,1,1,1,1,1,20171210,20180107
11612,1,1,1,1,1,0,0,20180122,20180202
11602,1,1,1,1,1,1,1,20170910,20180309
11598,0,0,0,0,0,1,1,20171002,20180304
11603,1,1,1,1,1,1,1,20170910,20180309
11600,0,0,0,0,0,1,1,20170903,20180304
11599,1,1,1,1,1,1,1,20170903,20180320
11601,1,1,1,1,1,1,1,20170909,20180308
11595,1,1,1,1,1,1,1,20170904,20180320
11594,0,0,0,0,0,1,1,20171002,20180304
11596,1,1,1,1,1,1,1,20170903,20180320
11634,1,1,1,1,1,1,1,20171120,20180320
11617,1,1,1,1,1,1,1,20170902,20180320
11592,0,0,0,0,0,1,1,20171120,20180128
11636,1,1,1,1,1,1,1,20171127,20180128
11635,1,1,1,1,1,1,1,20171023,20180320
11591,0,0,0,0,0,1,1,20171120,20180128
11593,1,1,1,1,1,1,1,20170902,20180320
11626,1,1,1,1,1,1,1,20170902,20180320
11661,1,1,1,1,1,1,1,20170902,20171209
11633,0,0,0,0,0,1,1,20171002,20171126
11657,1,0,0,0,0,0,1,20170918,20171126
11658,1,0,0,0,0,0,1,20170918,20171126
11660,1,1,1,1,1,1,1,20170911,20180320
11625,1,1,1,1,1,1,1,20170902,20180320
11659,0,0,0,0,0,1,1,20171023,20171112
11662,1,1,1,1,1,1,1,20170902,20180320
11609,0,0,0,0,0,1,1,20170902,20171224
11608,0,0,0,0,0,1,1,20171002,20171217
11611,0,0,0,0,0,1,0,20171113,20180303
11676,0,0,0,0,0,1,1,20171002,20171029
11677,0,0,0,0,1,0,0,20180309,20180316
11642,0,0,0,0,0,1,1,20170923,20170924
11637,0,0,0,0,0,1,1,20171002,20180318
11640,1,1,1,1,1,0,0,20170904,20180320
11639,0,0,0,0,0,1,1,20171002,20180121
11638,1,1,1,1,1,1,1,20170902,20180320
11641,0,0,0,0,0,1,0,20171113,20180317
11671,0,0,0,0,0,1,1,20180310,20180318
11643,1,1,1,1,1,1,1,20170902,20180320
11606,1,1,1,1,1,1,1,20170902,20180315
11597,1,1,1,1,1,1,1,20170903,20180307
11644,1,1,1,1,1,1,0,20170902,20180320
11645,0,0,0,0,1,1,0,20180126,20180127
11647,0,0,0,0,0,0,1,20171002,20180318
11656,1,1,1,1,1,0,0,20170918,20170930
11630,0,0,0,0,0,1,1,20171023,20171112
11631,1,1,1,1,1,1,1,20170911,20180320
11627,0,0,0,0,0,1,1,20171002,20171126
11632,0,0,0,0,0,1,1,20170911,20171126
11628,1,1,1,1,1,1,1,20170902,20180320
11616,0,0,0,0,0,1,0,20171002,20171105
11675,0,0,0,0,0,1,1,20171002,20171029
