service_id,date,exception_type
2303,20170916,1
2303,20170917,1
2303,20170909,1
2303,20170910,1
2301,20171020,1
2301,20170903,1
2301,20171101,1
2305,20171111,1
2305,20171101,1
2307,20170908,1
2307,20170915,1
2304,20170909,1
2304,20170916,1
2304,20171028,1
2304,20171104,1
682,20171126,1
8667,20171120,1
8667,20171121,1
8667,20171122,1
8667,20171123,1
8667,20171127,1
8667,20171128,1
8667,20171129,1
8667,20171130,1
8668,20171103,1
8668,20171009,1
8668,20171010,1
8668,20171011,1
8668,20171012,1
8668,20171013,1
8668,20171016,1
8668,20171017,1
8668,20171018,1
8668,20171019,1
8668,20171020,1
8668,20171023,1
8668,20171024,1
8668,20171025,1
8668,20171026,1
8668,20171027,1
8668,20171106,1
8668,20171107,1
8668,20171108,1
8668,20171109,1
8668,20171110,1
8668,20171113,1
8668,20171114,1
8668,20171115,1
8668,20171116,1
8668,20171117,1
2317,20170915,1
2317,20170922,1
2317,20170929,1
2317,20171006,1
2317,20170908,1
2317,20171124,1
2320,20171105,1
2319,20171126,1
8677,20171120,1
8677,20171121,1
8677,20171122,1
8677,20171123,1
8677,20171124,1
8677,20171126,1
8677,20171127,1
8677,20171128,1
8677,20171129,1
8677,20171130,1
8677,20171201,1
8666,20171029,2
8672,20171120,1
8672,20171121,1
8672,20171122,1
8672,20171123,1
8672,20171124,1
8672,20171127,1
8672,20171128,1
8672,20171129,1
8672,20171130,1
8672,20171201,1
8671,20171023,1
8671,20171024,1
8671,20171025,1
8671,20171026,1
8671,20171027,1
8671,20171102,1
8671,20171103,1
8671,20171106,1
8671,20171107,1
8671,20171108,1
8671,20171109,1
8671,20171110,1
8671,20171113,1
8671,20171114,1
8671,20171115,1
8671,20171116,1
8671,20171117,1
8671,20171030,2
8671,20171031,2
8671,20171101,2
2314,20171125,1
2314,20171202,1
8646,20171102,1
8646,20171103,1
8646,20171105,1
8646,20171023,1
8646,20171024,1
8646,20171025,1
8646,20171026,1
8646,20171027,1
8646,20171106,1
8646,20171107,1
8646,20171108,1
8646,20171109,1
8646,20171110,1
8646,20171113,1
8646,20171114,1
8646,20171115,1
8646,20171116,1
8646,20171117,1
8646,20171030,2
8646,20171031,2
8646,20171101,2
87,20171126,1
8670,20171016,2
8670,20171010,2
8670,20171030,2
8670,20171031,2
8670,20171101,2
8670,20171107,2
8670,20171111,2
8635,20171107,1
8673,20171014,1
8673,20171015,1
8673,20171021,1
8673,20171022,1
8673,20171028,1
8673,20171001,2
1724,20171027,1
8669,20171002,2
8669,20171003,2
8669,20171004,2
8669,20171005,2
8669,20171006,2
8669,20171009,2
2993,20171016,1
2312,20171030,2
2312,20171031,2
2312,20171101,2
8664,20170925,2
8664,20170926,2
8664,20170918,2
8664,20170919,2
8664,20170920,2
8664,20170921,2
8664,20170922,2
8664,20171030,2
8664,20171031,2
8664,20171101,2
8664,20171102,2
8664,20171103,2
8664,20171106,2
8664,20171107,2
8664,20171108,2
8664,20171109,2
8664,20171110,2
8664,20171113,2
8664,20171114,2
8664,20171115,2
8664,20171116,2
8664,20171117,2
8640,20171104,1
8640,20171105,1
1,20171105,1
8674,20170903,1
8675,20171120,1
8675,20171121,1
8675,20171122,1
8675,20171123,1
8675,20171124,1
8675,20171125,1
8675,20171126,1
8675,20171007,1
8675,20171008,1
8675,20171001,1
8675,20171127,1
8675,20171128,1
8675,20171129,1
8675,20171130,1
8675,20171201,1
8675,20171202,1
307,20171028,1
2331,20171201,2
2355,20171202,1
2357,20171125,1
2357,20171126,1
2357,20171104,1
2357,20171105,1
2330,20171104,1
2335,20171104,1
2335,20171105,1
2335,20171106,1
2335,20171107,1
2335,20171108,1
2335,20171109,1
2335,20171110,1
2335,20171113,1
2335,20171114,1
2335,20171115,1
2335,20171116,1
2335,20171117,1
2335,20171120,1
2335,20171121,1
2335,20171122,1
2335,20171123,1
2335,20171124,1
2335,20171125,1
2335,20171126,1
2335,20171127,1
2335,20171128,1
2335,20171129,1
2335,20171130,1
2335,20171202,1
2335,20171111,2
2335,20171112,2
2335,20171118,2
2335,20171119,2
2335,20171029,2
2335,20171016,2
2335,20171017,2
2335,20171018,2
2335,20171019,2
2335,20171020,2
2335,20171030,2
2335,20171031,2
2335,20171101,2
2335,20171102,2
2335,20171103,2
2335,20171201,2
2346,20171111,2
2346,20171118,2
2347,20171022,1
184,20170903,1
978,20171015,1
2342,20171002,2
2342,20171003,2
2342,20171004,2
2342,20171005,2
2342,20171001,2
489,20171001,1
2344,20171105,1
392,20171006,1
2348,20171126,1
1780,20170930,1
8647,20170903,1
8647,20171125,1
8647,20171202,1
8650,20170926,1
8650,20170927,1
8650,20170928,1
8650,20170929,1
8650,20171002,1
8650,20171003,1
8650,20171004,1
8650,20171005,1
8650,20171006,1
8650,20171007,1
8650,20170925,2
8650,20170930,2
8645,20171201,1
982,20171104,1
731,20170903,1
8628,20171030,2
8628,20171031,2
8628,20171101,2
820,20170903,1
4252,20171023,1
8634,20171023,2
8632,20171202,1
8631,20171105,1
8644,20171120,1
8644,20171121,1
8644,20171122,1
8644,20171123,1
8644,20171124,1
8644,20171126,1
8644,20171127,1
8644,20171128,1
8644,20171129,1
8644,20171130,1
8618,20171104,1
8621,20171120,1
8621,20171121,1
8621,20171122,1
8621,20171123,1
8621,20171124,1
8621,20171127,1
8621,20171128,1
8621,20171129,1
8621,20171130,1
8621,20171201,1
8623,20171120,1
8623,20171121,1
8623,20171122,1
8623,20171123,1
8623,20171124,1
8623,20171126,1
8623,20171127,1
8623,20171128,1
8623,20171129,1
8623,20171130,1
8623,20171201,1
8622,20171105,1
2358,20170915,1
2358,20170922,1
2358,20170929,1
2358,20171006,1
2358,20170908,1
2358,20171124,1
2351,20171030,2
2351,20171031,2
2351,20171101,2
2351,20171029,2
2351,20171111,2
2351,20171112,2
2362,20171126,1
2333,20171007,1
2333,20171008,1
2333,20171120,1
2333,20171121,1
2333,20171122,1
2333,20171123,1
2333,20171124,1
2333,20171125,1
2333,20171126,1
2333,20171127,1
2333,20171128,1
2333,20171129,1
2333,20171130,1
2333,20171202,1
2333,20171201,2
2359,20171030,2
2359,20171031,2
2359,20171101,2
2359,20171111,2
2359,20171118,2
1532,20171202,1
2360,20171125,1
2350,20171120,1
2350,20171121,1
2350,20171122,1
2350,20171123,1
2350,20171124,1
2350,20171125,1
2350,20171126,1
2350,20171127,1
2350,20171128,1
2350,20171129,1
2350,20171130,1
2350,20171202,1
2350,20171201,2
8663,20171029,2
8663,20171030,2
8663,20171031,2
8663,20171101,2
8663,20171102,2
8663,20171103,2
8663,20171104,2
8663,20171105,2
8663,20171106,2
8663,20171107,2
8663,20171108,2
8663,20171109,2
8663,20171110,2
8663,20171111,2
8663,20171112,2
8663,20171113,2
8663,20171114,2
8663,20171115,2
8663,20171116,2
8663,20171117,2
8663,20171118,2
8663,20171119,2
8636,20171104,1
8636,20171114,1
8639,20171010,1
8638,20171009,1
8638,20171023,1
8638,20171010,2
8642,20171002,2
8642,20171003,2
8642,20171004,2
8642,20171005,2
8642,20171006,2
8624,20170925,2
8624,20170926,2
8624,20170918,2
8624,20170919,2
8624,20170920,2
8624,20170921,2
8624,20170922,2
1289,20170903,1
698,20170903,1
17433,20171006,2
2460,20171201,1
17434,20171102,1
17434,20171103,1
17434,20171006,1
17434,20170918,1
17434,20170919,1
17434,20170920,1
17434,20170921,1
17434,20170922,1
8659,20170908,1
8659,20170929,1
2881,20170903,1
8660,20170904,1
8660,20170905,1
8660,20170906,1
8660,20170907,1
8660,20170925,1
8660,20170926,1
8660,20170927,1
8660,20170928,1
8662,20171125,1
8662,20171202,1
8614,20171102,1
8614,20171103,1
8614,20171106,1
8614,20171107,1
8614,20171108,1
8614,20171109,1
8614,20171110,1
8614,20171113,1
8614,20171114,1
8614,20171115,1
8614,20171116,1
8614,20171117,1
8614,20171120,1
8614,20171121,1
8614,20171122,1
8614,20171123,1
8614,20171124,1
8614,20171127,1
8614,20171128,1
8614,20171129,1
8614,20171130,1
8614,20171201,1
8614,20171009,2
8614,20171010,2
8614,20171011,2
8614,20171012,2
8614,20171013,2
8614,20171016,2
8614,20171017,2
8614,20171018,2
8614,20171019,2
8614,20171020,2
8614,20171023,2
8614,20171024,2
8614,20171025,2
8614,20171026,2
8614,20171027,2
8643,20171028,1
8643,20171102,1
8643,20171103,1
8643,20171104,1
8643,20171105,1
8643,20171106,1
8643,20171107,1
8643,20171108,1
8643,20171109,1
8643,20171110,1
8643,20171113,1
8643,20171114,1
8643,20171115,1
8643,20171116,1
8643,20171117,1
8643,20171120,1
8643,20171121,1
8643,20171122,1
8643,20171123,1
8643,20171124,1
8643,20171125,1
8643,20171126,1
8643,20171127,1
8643,20171128,1
8643,20171129,1
8643,20171130,1
8643,20171201,1
8643,20171202,1
8643,20171030,2
8643,20171031,2
8643,20171101,2
8643,20171002,2
8643,20171003,2
8643,20171004,2
8643,20171005,2
8643,20171006,2
8643,20171111,2
8643,20171112,2
8643,20171118,2
8643,20171119,2
8649,20171030,2
8649,20171031,2
8649,20171101,2
370,20171007,1
2361,20170916,1
2361,20170923,1
2361,20170930,1
2361,20171007,1
2361,20170909,1
2361,20171202,1
379,20170909,1
488,20171021,1
2366,20171101,2
2366,20171111,2
2368,20170909,1
2404,20171201,1
17444,20170911,2
17444,20171028,2
2406,20171101,1
2377,20171111,1
2380,20171111,2
2379,20171101,1
2478,20171101,2
2478,20171111,2
2477,20171101,2
203,20171101,2
17448,20170915,1
2525,20171030,1
2525,20171031,1
17451,20171030,1
17451,20171031,1
2613,20171101,1
2590,20171111,2
1601,20170916,1
165,20170917,1
5,20170924,1
75,20170910,1
3163,20170909,1
3163,20170930,1
3215,20171125,2
3215,20171126,2
3216,20170909,1
3216,20170917,2
471,20170923,1
3188,20171101,2
3188,20171023,2
3188,20171024,2
3188,20171025,2
3188,20171026,2
3214,20171101,2
3214,20171023,2
3214,20171024,2
3214,20171025,2
3214,20171026,2
3214,20171027,2
384,20171101,1
3189,20171020,1
3207,20170909,1
3180,20170909,1
3180,20170930,1
1831,20171101,2
3182,20171101,2
3182,20171125,2
3228,20171023,2
3228,20171024,2
3228,20171025,2
3228,20171026,2
3228,20171125,2
3228,20171126,2
3230,20170909,1
3230,20170917,2
3223,20171031,1
3168,20171101,1
3196,20170904,1
3196,20170909,1
3196,20170910,1
3196,20171001,1
3196,20170903,1
3160,20171101,2
3175,20171023,1
3175,20171024,1
3175,20171025,1
3175,20171026,1
3175,20171027,1
3175,20171120,1
3175,20171121,1
3175,20171122,1
3175,20171123,1
3175,20171124,1
3218,20171101,1
3237,20170924,1
3203,20171101,2
3203,20171023,2
3203,20171024,2
3203,20171025,2
3203,20171026,2
3236,20171031,2
3236,20171101,2
400,20170909,1
3194,20171003,1
3194,20171004,1
3194,20171005,1
3194,20171006,1
3194,20171007,1
3194,20171008,1
3194,20171010,1
3194,20171011,1
3194,20171012,1
3194,20171013,1
3194,20171014,1
3194,20171015,1
3194,20171017,1
3194,20171018,1
3194,20171019,1
3194,20171020,1
3194,20171021,1
3194,20171022,1
3194,20171027,1
3194,20171028,1
3194,20171029,1
3194,20171125,2
3194,20171126,2
3194,20171024,2
3194,20171025,2
3194,20171026,2
3177,20171101,2
3177,20171023,2
3177,20171024,2
3177,20171025,2
3177,20171026,2
3177,20171027,2
3177,20171120,2
3177,20171121,2
3177,20171122,2
3177,20171123,2
3177,20171124,2
3221,20171031,2
3221,20171101,2
3221,20171023,2
3221,20171024,2
3221,20171025,2
3221,20171026,2
3186,20171031,1
3186,20171006,1
3186,20171013,1
3192,20171101,1
3179,20171023,2
3179,20171024,2
3179,20171025,2
3179,20171026,2
3179,20171125,2
3179,20171126,2
3172,20171101,2
3172,20171024,2
3172,20171025,2
3172,20171026,2
3172,20171027,2
3165,20171125,2
3187,20171101,2
3187,20171023,2
3187,20171024,2
3187,20171025,2
3187,20171026,2
3187,20171125,2
3156,20171101,2
3156,20171023,2
3156,20171024,2
3156,20171025,2
3156,20171026,2
3156,20171027,2
3226,20170917,2
3224,20171023,2
3224,20171024,2
3224,20171025,2
3224,20171026,2
3224,20171126,2
3210,20171125,2
3210,20171126,2
3208,20170925,1
3208,20170926,1
3208,20170927,1
3208,20170928,1
3208,20170929,1
3208,20170930,1
3208,20171001,1
3208,20170911,1
3208,20170912,1
3208,20170913,1
3208,20170914,1
3208,20170915,1
3208,20170918,1
3208,20170919,1
3208,20170920,1
3208,20170921,1
3208,20170922,1
3232,20171126,2
3227,20171023,2
3227,20171024,2
3227,20171025,2
3227,20171026,2
3227,20171125,2
3227,20171126,2
3235,20171001,1
3238,20171028,1
3238,20171029,2
3222,20171125,2
3222,20171126,2
3205,20171101,2
3205,20171024,2
3205,20171025,2
3205,20171026,2
3199,20171101,2
3199,20171125,2
3200,20170909,1
3200,20170930,1
3219,20170917,2
3213,20171031,1
3213,20171027,2
3247,20170904,1
3247,20170905,1
3247,20170906,1
3247,20170907,1
3247,20170908,1
3247,20171101,2
3313,20171101,1
3313,20170903,1
3313,20170909,1
3313,20170910,1
3317,20171009,1
3317,20171010,1
3317,20171011,1
3317,20171012,1
3317,20171013,1
3317,20171016,1
3317,20171017,1
3317,20171018,1
3317,20171019,1
3317,20171020,1
3317,20170925,1
3317,20170926,1
3317,20170927,1
3317,20170928,1
3317,20170929,1
3317,20170930,1
3317,20171001,1
3317,20171002,1
3317,20171003,1
3317,20171004,1
3317,20171005,1
3317,20171006,1
3317,20171007,1
3317,20171008,1
3309,20170904,1
3309,20170905,1
3309,20170906,1
3309,20170907,1
3309,20170908,1
3309,20171101,2
3309,20171027,2
3319,20170924,1
3318,20170903,1
3318,20170904,1
3318,20170905,1
3318,20170906,1
3318,20170907,1
3318,20170908,1
3318,20170909,1
3318,20170910,1
3318,20171125,2
3318,20171126,2
17453,20170904,1
17453,20170905,1
17453,20170906,1
17453,20170907,1
17453,20170908,1
17453,20171101,2
17454,20170904,1
17454,20170905,1
17454,20170906,1
17454,20170907,1
17454,20170908,1
17454,20171101,2
3296,20171023,1
3296,20170904,1
3296,20170905,1
3296,20170906,1
3296,20170907,1
3296,20170908,1
3296,20171101,2
3258,20170908,1
3258,20171031,1
1529,20170915,1
3300,20171028,1
3300,20171104,1
3300,20171111,1
3300,20170909,1
3300,20171118,1
3320,20170903,1
3320,20170904,1
3320,20170905,1
3320,20170906,1
3320,20170907,1
3320,20170908,1
3320,20170909,1
3320,20170910,1
3320,20171024,2
3320,20171025,2
3320,20171026,2
3320,20171125,2
3320,20171126,2
17455,20171101,1
17455,20171028,1
17455,20171029,1
17455,20171111,1
17455,20171112,1
17455,20171118,1
17455,20171119,1
17455,20170909,1
17455,20170910,1
17456,20170908,1
17456,20171031,1
3304,20171101,1
3304,20171028,1
3304,20171029,1
3304,20171111,1
3304,20171112,1
3304,20171118,1
3304,20171119,1
3304,20170909,1
3304,20170910,1
17457,20171102,1
17457,20170904,1
4,20170925,1
2777,20170918,1
3295,20171111,1
3291,20170924,1
3290,20170903,1
3290,20170904,1
3290,20170905,1
3290,20170906,1
3290,20170907,1
3290,20170908,1
3290,20170910,1
3290,20171126,2
396,20170911,1
77,20170904,1
3269,20171101,2
3284,20171101,1
3284,20170903,1
3284,20170909,1
3284,20170910,1
3280,20170904,1
3280,20170905,1
3280,20170906,1
3280,20170907,1
3280,20170908,1
3280,20171101,2
17458,20170904,1
17458,20170905,1
17458,20170906,1
17458,20170907,1
17458,20170908,1
17458,20171101,2
17459,20171101,1
17459,20170903,1
17459,20170909,1
17459,20170910,1
17460,20170904,1
17460,20170905,1
17460,20170906,1
17460,20170907,1
17460,20170908,1
17460,20171106,1
17460,20171107,1
17460,20171108,1
17460,20171109,1
17460,20171110,1
17460,20171113,1
17460,20171114,1
17460,20171115,1
17460,20171116,1
17460,20171117,1
17460,20171120,1
17460,20171121,1
17460,20171122,1
17460,20171123,1
17460,20171124,1
17460,20171127,1
17460,20171128,1
17460,20171129,1
17460,20171130,1
17460,20171201,1
17460,20171101,2
3259,20170904,1
3259,20170905,1
3259,20170906,1
3259,20170907,1
3259,20170908,1
3259,20171101,2
3289,20171015,2
17461,20171101,1
17461,20171028,1
17461,20171029,1
17461,20171111,1
17461,20171112,1
17461,20171118,1
17461,20171119,1
17461,20170909,1
17461,20170910,1
17462,20171028,1
17462,20171104,1
17462,20171111,1
17462,20170909,1
17462,20171118,1
17463,20171023,1
17463,20170904,1
17463,20170905,1
17463,20170906,1
17463,20170907,1
17463,20170908,1
17463,20171101,2
3325,20170909,1
3327,20171031,1
3327,20171110,1
3327,20171117,1
3327,20171124,1
3327,20170908,1
3327,20171201,1
301,20170909,1
3305,20170903,1
3305,20170904,1
3305,20170905,1
3305,20170906,1
3305,20170907,1
3305,20170908,1
3305,20170909,1
3305,20170910,1
3305,20171125,2
3305,20171126,2
3301,20171023,1
3301,20171028,1
3301,20171029,1
3301,20170904,1
3301,20170905,1
3301,20170906,1
3301,20170907,1
3301,20170908,1
3301,20170909,1
3301,20170910,1
3301,20171125,2
3301,20171126,2
3298,20170904,1
3298,20170905,1
3298,20170906,1
3298,20170907,1
3298,20170908,1
3298,20170909,1
3298,20171101,2
3298,20171125,2
3311,20171101,1
3311,20170903,1
3311,20170909,1
3311,20170910,1
3314,20170903,1
3314,20170904,1
3314,20170905,1
3314,20170906,1
3314,20170907,1
3314,20170908,1
3314,20170909,1
3314,20170910,1
3314,20171125,2
3314,20171126,2
3251,20170916,2
3251,20170917,2
3251,20170923,2
3251,20170924,2
3270,20171101,1
3270,20170903,1
3270,20170910,1
17464,20171101,1
17464,20170903,1
17464,20170909,1
17464,20170910,1
3262,20170923,2
3262,20170916,2
3262,20170917,2
17465,20171101,2
3286,20171101,1
17466,20171101,1
3254,20170904,1
3254,20170905,1
3254,20170906,1
3254,20170907,1
3254,20170909,1
3254,20171031,2
3254,20171101,2
3254,20171125,2
3255,20170911,1
3255,20170912,1
3255,20170913,1
3255,20170914,1
3255,20170918,1
3255,20170919,1
3255,20170920,1
3255,20170921,1
3287,20170903,1
3287,20170910,1
3250,20171028,1
3250,20171029,1
3250,20170904,1
3250,20170905,1
3250,20170906,1
3250,20170907,1
3250,20170908,1
3250,20170909,1
3250,20170910,1
3250,20171125,2
3250,20171126,2
3279,20171028,1
3279,20171104,1
3279,20171111,1
3279,20170909,1
3279,20171118,1
3277,20171027,1
3277,20170904,1
3277,20170905,1
3277,20170906,1
3277,20170907,1
3277,20170908,1
3277,20171101,2
3261,20170903,1
3261,20170904,1
3261,20170905,1
3261,20170906,1
3261,20170907,1
3261,20170908,1
3261,20170909,1
3261,20170910,1
3261,20171125,2
3261,20171126,2
3326,20170924,1
3323,20171023,1
3323,20170904,1
3323,20170905,1
3323,20170906,1
3323,20170907,1
3323,20170908,1
3323,20171101,2
3324,20171105,1
3328,20171101,2
3328,20171111,2
3347,20171028,2
3347,20171029,2
3333,20171104,1
3333,20171021,1
3329,20171101,2
3338,20171111,1
3338,20171101,1
3338,20171015,1
3338,20171022,1
17468,20171111,1
17468,20171101,1
17470,20171104,1
3357,20171111,1
3358,20171101,1
3358,20171029,2
3364,20171101,1
3364,20171028,2
3364,20171029,2
17476,20170930,1
17476,20171007,1
17476,20171014,1
17478,20171021,1
3342,20171101,1
3342,20171015,1
3342,20171022,1
3342,20171021,2
3365,20171101,2
3390,20171031,1
3390,20171101,1
3390,20171129,1
3390,20171117,2
3395,20170903,1
3396,20171013,2
3396,20171001,2
3396,20170915,2
3396,20170917,2
3397,20170917,2
3397,20171001,2
305,20171117,1
110,20170904,1
3469,20171002,1
3469,20171003,1
3469,20171004,1
3469,20171005,1
3469,20171006,1
3469,20171007,1
3469,20171008,1
3469,20170909,1
3469,20170905,1
3469,20170906,1
3469,20170907,1
3469,20170908,1
3469,20170910,1
3469,20170911,1
3469,20170912,1
3469,20170913,1
3469,20170914,1
3469,20170915,1
3469,20170917,1
3469,20170925,1
3469,20170926,1
3469,20170927,1
3469,20170928,1
3469,20170929,1
3469,20171001,1
3453,20170918,1
3453,20170919,1
3453,20170920,1
3453,20170921,1
3453,20170922,1
3453,20170923,1
3453,20170924,1
3453,20170909,1
3453,20170905,1
3453,20170906,1
3453,20170907,1
3453,20170908,1
3453,20170910,1
3453,20170911,1
3453,20170912,1
3453,20170913,1
3453,20170914,1
3453,20170915,1
3453,20170917,1
3453,20170925,1
3453,20170926,1
3453,20170927,1
3453,20170928,1
3453,20170929,1
3453,20171001,1
3378,20171013,1
3462,20170907,1
3389,20170911,2
3389,20170912,2
3389,20171002,2
3389,20171003,2
3389,20171004,2
3389,20171005,2
3379,20171031,2
3379,20171101,2
3386,20171106,1
3386,20171107,1
3386,20171108,1
3386,20171109,1
3386,20171129,2
3381,20170917,2
3381,20171001,2
3380,20171030,2
3380,20171102,2
3380,20171023,2
3380,20171024,2
3380,20171025,2
3380,20171026,2
3414,20171101,1
3410,20171013,1
3404,20171031,1
3405,20170917,1
3406,20171106,1
3406,20171107,1
3406,20171108,1
3406,20171109,1
3406,20171127,2
3408,20171127,1
3407,20170916,2
3407,20170917,2
3407,20170930,2
3407,20171001,2
3456,20170916,2
3456,20170930,2
3431,20170929,1
3431,20170908,1
3431,20170909,1
3431,20170910,1
369,20171008,1
3430,20170905,1
3430,20170906,1
3430,20170907,1
3430,20170925,1
3430,20170926,1
3430,20170927,1
3430,20170928,1
560,20171014,1
1421,20170904,1
3432,20171006,1
3439,20171106,1
3439,20171127,1
3439,20171109,1
3439,20171107,2
3439,20171108,2
3443,20171120,1
3460,20170916,2
3460,20170930,2
3371,20171002,1
3371,20171009,1
3371,20171016,1
3371,20171101,2
3370,20170905,1
3370,20170906,1
3370,20170907,1
3370,20170908,1
3376,20170917,2
3376,20171001,2
1332,20170904,1
3470,20170916,2
3470,20170930,2
3402,20171023,1
3402,20171024,1
3402,20171025,1
3402,20171026,1
3402,20171027,1
3402,20171028,1
3402,20171111,1
3402,20171030,1
3402,20171020,1
3402,20171021,1
3402,20171202,1
3416,20170924,1
3416,20170910,1
3449,20171124,1
3449,20171127,1
3449,20171128,1
3449,20171129,1
3449,20171130,1
3449,20171120,2
3449,20171121,2
3449,20171122,2
3449,20171123,2
3400,20171113,2
3400,20171114,2
3400,20171115,2
3400,20171116,2
17490,20170916,2
17490,20170930,2
17490,20171007,2
17490,20171014,2
3401,20171101,1
3401,20171102,1
3401,20171104,1
3399,20170930,2
17493,20170904,1
3454,20171001,2
3473,20170922,1
3473,20170923,1
3473,20170924,1
3473,20170909,1
3473,20170908,1
3473,20170910,1
3473,20170915,1
3473,20170917,1
3473,20170929,1
3473,20171001,1
3426,20171017,1
3474,20171021,2
3480,20171101,1
3480,20171102,1
3418,20170923,1
3418,20170909,1
3425,20171120,1
3425,20171121,1
3425,20171122,1
3425,20171123,1
3425,20171124,1
3425,20171106,1
3425,20171107,1
3425,20171110,1
3425,20171117,1
3425,20171127,1
3425,20171128,1
3425,20171130,1
3423,20171017,2
3382,20170916,1
3382,20170930,1
3505,20170918,2
3505,20170919,2
3505,20170920,2
3505,20170921,2
3505,20170925,2
3505,20170926,2
3505,20170927,2
3505,20170928,2
3505,20171023,2
3505,20171024,2
3505,20171025,2
3505,20171026,2
3505,20171030,2
3505,20171031,2
3505,20171101,2
3505,20171102,2
3503,20170918,2
3503,20170919,2
3503,20170920,2
3503,20170921,2
3503,20170925,2
3503,20170926,2
3503,20170927,2
3503,20170928,2
3481,20170918,2
3481,20171002,2
3481,20171003,2
3481,20171004,2
3481,20171005,2
3481,20170916,2
3481,20170917,2
3481,20170925,2
3481,20170926,2
3481,20170927,2
3481,20170928,2
3481,20170930,2
3481,20171001,2
3483,20171023,2
3483,20171024,2
3483,20171030,2
3483,20171031,2
3483,20171102,2
3482,20170919,2
3482,20170920,2
3482,20170921,2
3486,20171101,1
3486,20170916,2
3486,20170930,2
3486,20171001,2
1275,20171202,1
3487,20171101,2
197,20170903,1
3573,20170904,1
3573,20170905,1
3573,20170906,1
3573,20170907,1
3573,20170908,1
3573,20170911,1
3573,20170912,1
3573,20170913,1
3573,20170914,1
3573,20170915,1
3573,20170918,1
3573,20170919,1
3573,20170920,1
3573,20170921,1
3573,20170922,1
3573,20170925,1
3573,20170926,1
3573,20170927,1
3573,20170928,1
3573,20170929,1
3573,20171002,1
3573,20171003,1
3573,20171004,1
3573,20171005,1
3573,20171006,1
3573,20171013,1
3573,20171027,1
3573,20171103,1
3573,20171106,1
3573,20171107,1
3573,20171108,1
3573,20171109,1
3573,20171110,1
3573,20171113,1
3573,20171114,1
3573,20171115,1
3573,20171116,1
3573,20171117,1
3573,20171120,1
3573,20171121,1
3573,20171122,1
3573,20171123,1
3573,20171124,1
3573,20171127,1
3573,20171128,1
3573,20171129,1
3573,20171130,1
3573,20171201,1
3573,20171020,2
3573,20171009,2
3573,20171010,2
3573,20171011,2
3573,20171012,2
3573,20171023,2
3573,20171024,2
3573,20171025,2
3573,20171026,2
3573,20171030,2
3573,20171031,2
3573,20171101,2
3573,20171102,2
3574,20171007,1
3574,20170923,1
3574,20170909,1
3574,20170917,1
3574,20170924,1
3574,20171001,1
3574,20170910,2
3491,20170903,1
3492,20171028,1
3492,20171104,1
3571,20171030,1
3571,20171031,1
3571,20171101,1
3571,20171102,1
3571,20170908,1
3571,20170915,1
3571,20171006,1
3496,20170923,1
3496,20171007,1
3496,20171118,1
3496,20171125,1
3496,20170909,1
3496,20171202,1
3495,20171030,2
3434,20171030,1
17494,20170903,1
17495,20171007,1
17495,20171008,1
17495,20170909,1
17495,20170917,1
17495,20171001,1
17495,20171028,1
17495,20170910,2
3497,20170909,1
3497,20170923,1
3497,20171007,1
1279,20170903,1
3498,20170923,1
3498,20170909,1
3498,20171007,1
3506,20170925,2
3506,20170926,2
3506,20170927,2
3506,20170928,2
3508,20171006,1
3507,20170915,1
3507,20170908,1
3507,20171006,1
479,20170922,1
8739,20171101,2
8739,20171111,2
3515,20170903,1
3519,20171031,1
3519,20171101,1
3516,20171106,1
3516,20171107,1
3516,20171109,1
3516,20171111,1
3516,20171113,1
3516,20171114,1
3516,20171116,1
3516,20171118,1
3516,20171120,1
3516,20171121,1
3516,20171123,1
3516,20171125,1
3516,20171127,1
3516,20171128,1
3516,20171130,1
3516,20171202,1
3516,20171108,1
3516,20171115,1
3516,20171122,1
3516,20171129,1
3516,20171031,2
3516,20171101,2
3516,20171110,2
3516,20171117,2
3516,20171124,2
3516,20171201,2
8738,20171031,2
8738,20171110,2
3534,20171111,1
3534,20171030,1
3534,20171101,1
3534,20171103,1
3534,20171105,1
3534,20171113,1
3534,20171115,1
3534,20171117,1
3534,20171119,1
3534,20171120,1
3534,20171122,1
3534,20171124,1
3534,20171126,1
3534,20171127,1
3534,20171129,1
3534,20171201,1
3534,20171114,1
3534,20171116,1
3534,20171121,1
3534,20171123,1
3534,20171128,1
3534,20171130,1
3531,20170903,1
3539,20171104,1
3537,20170903,1
3540,20171106,1
3540,20171107,1
3540,20171108,1
3540,20171109,1
3540,20171113,1
3540,20171114,1
3540,20171115,1
3540,20171116,1
3540,20171120,1
3540,20171121,1
3540,20171122,1
3540,20171123,1
3540,20171127,1
3540,20171128,1
3540,20171129,1
3540,20171130,1
3540,20171031,2
3540,20171101,2
3540,20171110,2
3540,20171111,2
3540,20171117,2
3540,20171118,2
3540,20171124,2
3540,20171125,2
3543,20171031,1
3543,20171101,1
3543,20171110,1
3543,20171111,1
3543,20171117,1
3543,20171118,1
3543,20171124,1
3543,20171125,1
3543,20171201,1
3543,20171202,1
3543,20171112,1
3543,20171119,1
3543,20171126,1
3526,20171112,2
3526,20171102,2
3529,20171112,1
3529,20171102,1
1941,20170928,1
3554,20170917,2
3554,20171001,2
3545,20171101,2
3566,20171029,1
3566,20171101,1
3566,20171022,1
3551,20171002,1
3551,20171003,1
3551,20171009,1
3551,20171011,1
3551,20171012,1
3551,20171013,1
3551,20171004,2
3551,20171005,2
3551,20171006,2
3551,20171010,2
356,20171010,1
3563,20171016,1
3563,20171030,1
3563,20171018,2
3563,20171022,2
3564,20171030,2
3564,20171025,2
3564,20171029,2
17496,20170916,2
17496,20170930,2
3552,20171201,1
3552,20171106,1
3552,20171107,1
3552,20171108,1
3552,20171109,1
3552,20171111,1
3552,20171112,1
3552,20171118,1
3552,20171119,1
3552,20171120,1
3552,20171121,1
3552,20171122,1
3552,20171123,1
3552,20171125,1
3552,20171126,1
3552,20171127,1
3552,20171128,1
3552,20171129,1
3552,20171130,1
3552,20171202,1
3552,20171018,2
3552,20171019,2
3552,20171113,2
3552,20171114,2
3552,20171115,2
3552,20171116,2
17497,20170904,1
17497,20170905,1
17497,20170906,1
17497,20170907,1
17497,20170908,1
17497,20170925,1
17497,20170926,1
17497,20170927,1
17497,20170929,1
17497,20171001,2
17497,20170917,2
17498,20170917,1
17499,20170916,1
17499,20170930,1
3559,20171101,2
3559,20170916,2
3559,20170930,2
17500,20171101,1
214,20171101,2
3562,20171101,1
3562,20170917,2
3562,20171001,2
17502,20171101,1
17503,20171023,2
17503,20171027,2
17503,20171018,2
17503,20171019,2
17503,20171020,2
17503,20170917,2
17503,20171001,2
17506,20170917,1
17507,20170928,1
17508,20171101,1
17508,20170916,2
17508,20170930,2
17509,20171101,2
17509,20170928,2
17510,20170916,1
17510,20170930,1
2174,20171101,1
17511,20170903,1
17511,20170910,1
3577,20170930,2
3576,20170916,2
2487,20171021,1
2487,20171028,1
3590,20170917,2
3588,20170923,1
3588,20171007,1
3585,20170917,2
3584,20170923,1
3584,20171007,1
3584,20170909,1
3584,20171028,1
17512,20170916,2
17512,20170929,2
17512,20170930,2
3140,20170929,1
3599,20171002,2
3599,20171003,2
3599,20171004,2
3599,20171005,2
3599,20171006,2
3599,20170916,2
3591,20170930,2
17514,20170916,2
17514,20170930,2
17514,20171014,2
17514,20171021,2
204,20171101,1
206,20171101,2
3605,20170903,1
3604,20170915,1
3604,20170917,1
3604,20171124,1
3604,20171126,1
3604,20170908,1
3604,20170910,1
3604,20171201,1
3604,20171117,2
3604,20170924,2
3597,20170916,1
3597,20170923,1
3597,20171118,1
3597,20171125,1
3597,20170909,1
3597,20171202,1
3596,20170915,1
3596,20170922,1
3596,20171124,1
3596,20170908,1
3596,20171201,1
3598,20171030,1
3598,20171031,1
3598,20171101,1
3598,20171102,1
3609,20171126,2
17515,20170930,2
17515,20171001,2
17516,20171001,2
3606,20170930,2
17517,20171001,1
17518,20171001,1
3638,20171113,2
3638,20171114,2
3638,20171115,2
3635,20171126,2
17520,20171125,1
17521,20171125,1
17522,20171124,1
17523,20171124,1
3626,20170930,2
3626,20171001,2
3624,20171009,2
3624,20171010,2
3624,20171011,2
3624,20171012,2
3624,20171013,2
17524,20171021,1
17524,20171022,1
17524,20171023,1
17524,20171024,1
17524,20171025,1
17524,20171026,1
17524,20171027,1
17524,20171028,1
17524,20171029,1
17524,20171030,1
17524,20171031,1
17524,20171101,1
17524,20171102,1
17524,20171103,1
17524,20171104,1
17524,20171105,1
17524,20171106,1
17524,20171107,1
17524,20171108,1
17524,20171109,1
17524,20171110,1
17524,20171111,1
17524,20171112,1
17524,20171113,1
17524,20171114,1
17524,20171115,1
17524,20171116,1
17524,20171117,1
17524,20171118,1
17524,20171119,1
17524,20171120,1
17524,20171121,1
17524,20171122,1
17524,20171123,1
17524,20171126,1
17524,20171127,1
17524,20171128,1
17524,20171129,1
17524,20171130,1
17524,20171201,1
17524,20171202,1
17524,20171124,2
17524,20171125,2
17524,20170930,2
17524,20171001,2
17524,20171002,2
17524,20171003,2
17524,20171004,2
17524,20171005,2
17524,20171006,2
17524,20171007,2
17524,20171008,2
17524,20171009,2
17524,20171010,2
17524,20171011,2
17524,20171012,2
17524,20171013,2
17524,20171014,2
17524,20171015,2
17525,20171124,2
17525,20171125,2
17526,20171001,1
17527,20171002,2
17527,20171003,2
17527,20171004,2
17527,20170930,2
3649,20170903,1
3649,20170904,1
3649,20170905,1
3649,20170906,1
3649,20170907,1
3649,20170908,1
3649,20170909,1
3649,20170910,1
3649,20170911,1
3649,20170912,1
3649,20170913,1
3649,20170914,1
3649,20170915,1
3649,20170916,1
3649,20170917,1
3649,20170918,1
3649,20170919,1
3649,20170920,1
3649,20170921,1
3649,20170922,1
3649,20170923,1
3649,20170924,1
3649,20171028,1
3649,20171029,1
3649,20171002,1
3649,20171003,1
3649,20171004,1
3649,20171125,2
3649,20171126,2
3645,20171125,2
3645,20171126,2
3645,20171009,2
3645,20171010,2
3645,20171011,2
3645,20171012,2
3645,20171013,2
3645,20171016,2
3645,20171017,2
3645,20171018,2
3645,20171019,2
3645,20171020,2
3653,20170930,2
3653,20171125,2
3653,20171126,2
17528,20170930,1
3659,20171125,2
3659,20171126,2
3664,20171105,1
3665,20171105,2
17529,20170930,2
17529,20171125,2
17529,20171126,2
17529,20171010,2
17529,20171011,2
17529,20171012,2
17529,20171013,2
17529,20171017,2
17529,20171018,2
17529,20171019,2
17529,20171020,2
3677,20171101,2
3677,20171102,2
3672,20170930,2
3666,20171101,1
3666,20171102,1
3666,20171125,2
3666,20171126,2
4322,20171023,1
4322,20171024,1
4322,20171025,1
4322,20171026,1
4322,20171028,1
4322,20171030,1
4322,20171031,1
4322,20171101,1
4322,20171102,1
4322,20171104,1
4321,20171023,1
4321,20171024,1
4321,20171025,1
4321,20171026,1
4321,20171028,1
4321,20171030,1
4321,20171031,1
4321,20171101,1
4321,20171102,1
4321,20171104,1
4321,20170922,2
4321,20170929,2
4324,20170905,1
4323,20170904,1
4323,20171130,1
4323,20171201,1
4338,20170908,1
3905,20171112,1
717,20170903,1
1854,20170906,1
1900,20170907,1
4332,20171120,1
4332,20171121,1
4332,20171122,1
4332,20171123,1
4332,20171127,1
4332,20171128,1
4332,20171129,1
4332,20171130,1
4332,20171125,2
4348,20171111,1
4341,20171111,2
4340,20171124,1
4342,20171130,1
4330,20171120,1
4330,20171121,1
4330,20171122,1
4330,20171123,1
4330,20171128,1
4330,20171129,1
4330,20171125,2
4330,20171126,2
4325,20171104,1
4325,20171105,1
4325,20170906,1
4325,20170907,1
4325,20170908,1
4325,20170909,1
4325,20170918,1
4325,20170919,1
4325,20170920,1
4325,20170921,1
4325,20171009,1
4325,20171010,1
4325,20171011,1
4325,20171012,1
4326,20171202,1
4327,20171020,1
17531,20171023,1
17531,20171024,1
17531,20171025,1
17531,20171120,1
17531,20171121,1
17531,20171122,1
17531,20171118,1
17531,20171123,1
17531,20171124,1
17531,20171116,2
17531,20171117,2
17531,20171027,2
17531,20171028,2
1773,20171119,1
17532,20171126,1
17533,20171101,1
17533,20171111,1
17533,20171105,2
3,20171031,1
2394,20171026,1
977,20171029,1
1585,20171101,2
4355,20171126,2
4356,20171125,2
4360,20171124,2
4377,20170909,2
4377,20171125,2
619,20171110,1
309,20171118,1
4372,20171103,1
4372,20171117,1
4349,20171101,2
4369,20171119,2
4363,20171202,1
4370,20171202,1
4364,20170909,2
4357,20171202,1
4358,20170905,2
4358,20170906,2
4358,20170907,2
4358,20170908,2
4387,20171125,2
4387,20171126,2
4384,20171118,2
4384,20171125,2
4402,20170904,2
4402,20170905,2
4402,20170906,2
4402,20170907,2
4402,20171125,2
1775,20171125,2
4408,20171201,1
4409,20170908,1
4406,20171125,2
4406,20171118,2
4406,20171119,2
4407,20170911,2
4407,20170912,2
4407,20170908,2
4410,20171103,1
4410,20171117,1
4394,20171125,2
4394,20171118,2
4394,20171119,2
4392,20171119,2
4403,20171119,2
4398,20171110,1
4398,20170903,1
4398,20170904,1
4398,20170905,1
4398,20170906,1
4398,20170907,1
4398,20170908,1
4398,20170910,1
4398,20170911,1
4398,20170912,1
4398,20170913,1
4398,20170914,1
4398,20170915,1
4398,20170917,1
4398,20170918,1
4398,20170919,1
4398,20170920,1
4398,20170921,1
4398,20170922,1
4398,20170924,1
4398,20170925,1
4398,20170926,1
4398,20170927,1
4398,20170928,1
4398,20170929,1
4398,20171001,1
4398,20171002,1
4398,20171003,1
4398,20171004,1
4398,20171005,1
4398,20171006,1
4398,20171008,1
4398,20171009,1
4398,20171010,1
4398,20171011,1
4398,20171012,1
4398,20171013,1
4398,20171015,1
4398,20171016,1
4398,20171017,1
4398,20171018,1
4398,20171019,1
4398,20171020,1
4398,20171022,1
4398,20171029,1
4398,20171105,1
4398,20171120,1
4398,20171121,1
4398,20171122,1
4398,20171123,1
4398,20171126,1
4398,20171127,1
4398,20171128,1
4398,20171129,1
4398,20171130,1
4398,20171201,1
4398,20171119,2
4398,20171124,2
4398,20171023,2
4398,20171024,2
4398,20171025,2
4398,20171026,2
4398,20171027,2
4398,20171030,2
4398,20171031,2
4398,20171101,2
4398,20171102,2
4398,20171103,2
4399,20171103,1
4399,20171117,1
4389,20171118,2
4389,20171125,2
4390,20171118,2
4390,20171119,2
4390,20171125,2
4390,20171126,2
8679,20171101,2
8682,20171111,2
8069,20170909,1
8691,20170926,2
8691,20170927,2
8691,20170928,2
8691,20170929,2
8691,20171003,2
8691,20171004,2
8691,20171005,2
8691,20171006,2
8695,20171101,1
8695,20171106,1
8695,20171107,1
8695,20171108,1
8695,20171109,1
8695,20171110,1
8695,20171111,1
8695,20171112,1
8695,20171113,1
8695,20171114,1
8695,20171115,1
8695,20171116,1
8695,20171117,1
8695,20171118,1
8695,20171119,1
8695,20171120,1
8695,20171121,1
8695,20171122,1
8695,20171123,1
8695,20171124,1
8695,20171125,1
8695,20171126,1
8695,20171127,1
8695,20171128,1
8695,20171129,1
8695,20171130,1
8695,20171201,1
8695,20171202,1
8695,20171009,2
8695,20171010,2
8695,20171011,2
8695,20171012,2
8695,20171013,2
8695,20171016,2
8695,20171017,2
8695,20171018,2
8695,20171019,2
8695,20171020,2
8695,20171023,2
8695,20171024,2
8695,20171025,2
8695,20171026,2
8695,20171027,2
8694,20171101,2
8696,20171030,2
8697,20171016,1
8697,20171017,1
8697,20171018,1
8697,20171019,1
8697,20171020,1
8697,20171023,1
8697,20171024,1
8697,20171025,1
8697,20171026,1
8697,20171027,1
8697,20171030,1
8697,20171031,1
8697,20171102,1
8697,20171103,1
8697,20171106,1
8697,20171107,1
8697,20171108,1
8697,20171109,1
8697,20171110,1
8697,20171113,1
8697,20171114,1
8697,20171115,1
8697,20171116,1
8697,20171117,1
8697,20171120,1
8697,20171121,1
8697,20171122,1
8697,20171123,1
8697,20171124,1
8697,20171127,1
8697,20171128,1
8697,20171129,1
8697,20171130,1
8697,20171201,1
8697,20171101,2
8698,20171111,2
8700,20171101,1
208,20171101,1
8703,20170930,1
8703,20171001,1
8703,20170909,1
8720,20170903,1
8720,20170909,1
8720,20170910,1
8720,20170923,2
8719,20171101,1
8712,20170917,2
8708,20170930,1
8708,20171001,1
8708,20170909,1
8715,20170903,1
8715,20170909,1
8715,20170910,1
8715,20170923,2
17535,20171125,2
17535,20171126,2
8728,20171031,1
8730,20171031,2
8730,20171101,2
17536,20171101,2
17536,20171023,2
17536,20171024,2
17536,20171025,2
17536,20171026,2
3190,20170909,1
3190,20170930,1
8722,20171101,2
8722,20171023,2
8722,20171024,2
8722,20171025,2
8722,20171026,2
8723,20171101,1
8723,20171008,1
17538,20171101,2
17538,20171023,2
17538,20171024,2
17538,20171025,2
17538,20171026,2
17538,20171027,2
8704,20171101,2
8704,20171023,2
8704,20171024,2
8704,20171025,2
8704,20171026,2
8704,20171027,2
8724,20171101,1
8713,20171101,2
8713,20171111,2
8713,20171125,2
8716,20171126,2
8714,20170909,1
8714,20170930,1
8721,20171125,2
8721,20171126,2
8718,20171001,1
17539,20170904,1
17539,20170905,1
17539,20170906,1
17539,20170907,1
17539,20170908,1
17539,20171106,1
17539,20171107,1
17539,20171108,1
17539,20171109,1
17539,20171110,1
17539,20171113,1
17539,20171114,1
17539,20171115,1
17539,20171116,1
17539,20171117,1
17539,20171120,1
17539,20171121,1
17539,20171122,1
17539,20171123,1
17539,20171124,1
17539,20171127,1
17539,20171128,1
17539,20171129,1
17539,20171130,1
17539,20171201,1
17539,20171101,2
8740,20170904,1
8789,20170916,2
8789,20170930,2
8768,20170916,2
8768,20170925,2
8768,20170926,2
8768,20170927,2
8768,20170928,2
8768,20170930,2
8769,20170904,1
8769,20170905,1
8769,20170906,1
8769,20170907,1
8769,20170908,1
8769,20170909,1
8769,20170918,1
8769,20170919,1
8769,20170920,1
8769,20170921,1
8769,20170922,1
8769,20170923,1
8769,20170911,1
8769,20170912,1
8769,20170913,1
8769,20170914,1
8769,20170915,1
8769,20170925,1
8769,20170926,1
8769,20170927,1
8769,20170928,1
8769,20170929,1
8770,20171101,2
8763,20171113,2
8763,20171114,2
8763,20171115,2
8763,20171116,2
8791,20171107,2
8791,20171108,2
8791,20171109,2
8755,20170917,2
8755,20170925,2
8755,20170926,2
8755,20170927,2
8755,20170928,2
8755,20171001,2
17541,20171111,1
17541,20171112,1
17541,20171118,1
17541,20171119,1
17541,20171125,1
17541,20171126,1
17541,20171202,1
17542,20171129,1
17543,20170904,1
17543,20170905,1
17543,20170906,1
17543,20170907,1
17543,20170911,1
17543,20170912,1
17543,20170913,1
17543,20170914,1
17543,20171002,1
17543,20171003,1
17543,20171004,1
17543,20171005,1
17543,20171107,1
17543,20171108,1
17543,20171109,1
8792,20171030,2
8782,20170916,2
8782,20170930,2
8748,20171129,1
8748,20171110,1
8748,20171111,1
8748,20171118,1
8748,20171016,1
8748,20171017,1
8748,20171018,1
8748,20171019,1
8748,20171020,1
8748,20171023,1
8748,20171024,1
8748,20171025,1
8748,20171026,1
8748,20171027,1
8748,20171030,1
8748,20171031,1
8748,20171102,1
8748,20171103,1
8748,20171113,1
8748,20171114,1
8748,20171115,1
8748,20171116,1
8748,20171117,1
8748,20171101,2
8746,20171106,1
8746,20171107,1
8746,20171108,1
8746,20171109,1
8747,20170911,2
8747,20171011,2
8764,20170916,2
8764,20170925,2
8764,20170926,2
8764,20170927,2
8764,20170928,2
8764,20170930,2
8745,20171011,1
8745,20171012,1
8745,20171013,1
8756,20170923,1
8756,20170909,1
8758,20171101,2
8758,20171113,2
8758,20171114,2
8758,20171115,2
8758,20171116,2
8743,20171201,1
8743,20171112,1
8743,20171119,1
8743,20171126,1
8744,20171015,1
8744,20171009,2
8744,20171010,2
8744,20171011,2
8744,20171012,2
8744,20171013,2
8744,20171001,2
17544,20170923,1
8757,20170925,2
8757,20170926,2
8757,20170927,2
8757,20170928,2
8757,20171010,2
8776,20170916,2
8777,20170930,2
8752,20171001,2
17546,20170916,2
8783,20171101,1
8773,20170904,1
8773,20170905,1
8773,20170906,1
8773,20170907,1
8773,20170908,1
8773,20170909,1
8773,20171120,1
8773,20171121,1
8773,20171122,1
8773,20171123,1
8773,20171124,1
8773,20171125,1
8773,20171127,1
8773,20171128,1
8773,20171202,1
8773,20170916,1
8773,20170923,1
8773,20171007,1
8773,20171014,1
8773,20170929,1
8773,20170930,1
8773,20171117,1
8773,20171118,1
8773,20171101,2
8773,20171129,2
8773,20171130,2
8773,20171201,2
17548,20171010,1
17548,20171011,1
17548,20171012,1
17548,20171013,1
8772,20170925,2
8772,20170926,2
8772,20170927,2
8772,20170928,2
8772,20170929,2
17549,20171101,2
17549,20170919,2
17549,20170920,2
17549,20170921,2
17549,20170922,2
17549,20170926,2
17549,20170927,2
17549,20170928,2
17549,20170929,2
17549,20171010,2
17549,20171011,2
17549,20171012,2
17549,20171013,2
17550,20170904,1
17550,20170905,1
17550,20170906,1
17550,20170907,1
17550,20170908,1
17550,20170909,1
17550,20171106,1
17550,20171107,1
17550,20171108,1
17550,20171109,1
17550,20171110,1
17550,20171111,1
17550,20171120,1
17550,20171121,1
17550,20171122,1
17550,20171123,1
17550,20171124,1
17550,20171125,1
17550,20171127,1
17550,20171128,1
17550,20171130,1
17550,20171202,1
17550,20171117,1
17550,20171030,1
17550,20171031,1
17550,20170923,1
17550,20171007,1
17550,20171014,1
17550,20171104,1
17550,20171118,1
17550,20171129,2
17550,20171201,2
8778,20170916,2
8778,20170930,2
8774,20171002,1
8774,20171003,1
8774,20171004,1
8774,20171005,1
8774,20171006,1
8774,20171009,1
8774,20171010,1
8774,20171012,1
8774,20171013,1
8774,20171011,2
8788,20171101,1
17551,20171129,1
8786,20171101,2
8786,20171113,2
8786,20171114,2
8786,20171115,2
8786,20171116,2
8786,20170916,2
8786,20170930,2
8786,20171111,2
8765,20170917,2
8765,20171001,2
8779,20170919,1
8779,20170920,1
8779,20171011,1
8779,20170918,1
8779,20171023,1
8779,20171030,1
8787,20170916,2
8787,20170930,2
8785,20171101,1
8750,20171101,2
8781,20171003,1
8781,20171004,1
8781,20171005,1
8781,20171006,1
8781,20171017,1
8781,20171018,1
8781,20171019,1
8781,20171020,1
8781,20171024,1
8781,20171025,1
8781,20171026,1
8781,20171027,1
8781,20170904,1
8781,20170905,1
8781,20170906,1
8781,20170907,1
8781,20170908,1
8781,20170911,1
8781,20170912,1
8781,20170913,1
8781,20170914,1
8781,20170915,1
8781,20170925,1
8781,20170926,1
8781,20170927,1
8781,20170928,1
8781,20170929,1
8781,20170921,1
8781,20170922,1
8781,20171010,1
8781,20171012,1
8781,20171013,1
8781,20171031,1
8781,20171102,1
8781,20171103,1
8781,20170919,2
8761,20170904,1
8761,20170905,1
8761,20170906,1
8761,20170907,1
8761,20170908,1
8761,20170929,1
8761,20171030,1
8761,20171031,1
8761,20171102,1
8761,20171103,1
8760,20171002,1
8760,20171003,1
8760,20171009,1
8760,20171010,1
8760,20171011,1
8760,20171012,1
8760,20171013,1
8760,20171004,2
8760,20171005,2
8760,20171006,2
8759,20171001,2
8759,20170916,2
8759,20170917,2
8767,20171101,1
8767,20171001,2
8762,20171201,1
17552,20171022,1
17552,20171001,2
8799,20171016,2
8799,20171017,2
8799,20171018,2
8799,20171019,2
8799,20171020,2
8799,20171021,2
8805,20170903,1
8802,20171022,1
8802,20171001,2
17554,20171022,1
8803,20171009,2
8803,20171010,2
8803,20171011,2
8803,20171012,2
8803,20171013,2
8803,20171016,2
8803,20171017,2
8803,20171018,2
8803,20171019,2
8803,20171020,2
8808,20171016,2
8808,20171017,2
8808,20171018,2
8808,20171019,2
8808,20171020,2
8808,20171021,2
17555,20171022,1
17556,20171009,2
17556,20171010,2
17556,20171011,2
17556,20171012,2
17556,20171013,2
8820,20170903,1
8826,20171101,2
9154,20171002,1
9154,20171003,1
9154,20171004,1
9154,20171005,1
9154,20171006,1
9154,20171016,1
9154,20171017,1
9154,20171018,1
9154,20171019,1
9154,20171020,1
9154,20171023,1
9154,20171024,1
9154,20171025,1
9154,20171026,1
9154,20171027,1
9154,20171113,1
9154,20171114,1
9154,20171115,1
9154,20171116,1
9154,20171117,1
9154,20171127,1
9154,20171128,1
9154,20171129,1
9154,20171130,1
9154,20171201,1
9555,20171015,1
9555,20171029,1
9555,20171126,1
9555,20170917,1
9981,20171101,2
11234,20171101,1
11236,20171016,1
11236,20171030,1
11236,20171021,2
11236,20171101,2
11229,20171101,2
2855,20171101,2
9259,20171111,1
9259,20171101,1
11186,20170918,1
11186,20170919,1
11186,20170920,1
11186,20170921,1
11186,20170922,1
11186,20171106,1
11186,20171107,1
11186,20171108,1
11186,20171109,1
11186,20171110,1
11186,20171113,1
11186,20171114,1
11186,20171115,1
11186,20171116,1
11186,20171117,1
9295,20170918,1
9295,20170919,1
9295,20170920,1
9295,20170921,1
9295,20170922,1
9295,20170925,1
9295,20170926,1
9295,20170927,1
9295,20170928,1
9295,20170929,1
9295,20171106,1
9295,20171107,1
9295,20171108,1
9295,20171109,1
9295,20171110,1
9295,20171113,1
9295,20171114,1
9295,20171115,1
9295,20171116,1
9295,20171117,1
7433,20171111,2
6380,20171101,2
9317,20171023,2
9317,20171024,2
9317,20171025,2
9317,20171026,2
9317,20171027,2
9317,20171030,2
9317,20171031,2
9317,20171101,2
9317,20171102,2
9317,20171103,2
9314,20171111,1
9315,20171023,2
9315,20171024,2
9315,20171026,2
9315,20171030,2
9315,20171031,2
9315,20171102,2
9316,20171027,2
9316,20171103,2
9321,20171025,2
9321,20171101,2
9322,20171023,2
9322,20171024,2
9322,20171026,2
9322,20171027,2
9322,20171030,2
9322,20171031,2
9322,20171102,2
9322,20171103,2
9318,20171028,2
9318,20171104,2
9318,20171111,2
9319,20171101,2
9308,20171016,2
9308,20171017,2
9308,20171018,2
9308,20171019,2
9308,20171020,2
9308,20171023,2
9308,20171024,2
9308,20171025,2
9308,20171026,2
9308,20171027,2
9308,20171030,2
9308,20171031,2
9308,20171101,2
9308,20171102,2
9308,20171103,2
9308,20171106,2
9308,20171107,2
9308,20171108,2
9308,20171109,2
9308,20171110,2
9289,20171101,2
9324,20171111,2
2175,20171111,2
9320,20171108,1
9320,20171115,1
9320,20171118,1
9320,20171122,1
9320,20171125,1
9320,20171129,1
9320,20171202,1
9320,20171025,2
9320,20171028,2
9320,20171101,2
9320,20171104,2
9323,20171108,1
9323,20171115,1
9323,20171122,1
9323,20171129,1
9323,20171023,2
9323,20171024,2
9323,20171026,2
9323,20171027,2
9323,20171030,2
9323,20171031,2
9323,20171102,2
9323,20171103,2
9331,20171025,1
9325,20171111,2
9325,20171023,2
9325,20171024,2
9325,20171025,2
9325,20171026,2
9325,20171027,2
9325,20171028,2
9325,20171030,2
9325,20171031,2
9325,20171101,2
9325,20171102,2
9325,20171103,2
9325,20171104,2
9326,20171111,2
9327,20171101,2
9327,20171113,2
9327,20171114,2
9327,20171115,2
9327,20171116,2
9327,20171117,2
9327,20171120,2
9327,20171121,2
9327,20171122,2
9327,20171123,2
9327,20171124,2
9327,20171127,2
9327,20171128,2
9327,20171129,2
8864,20171101,2
9206,20171101,2
9330,20171101,2
9330,20171120,2
9330,20171121,2
9330,20171123,2
9330,20171124,2
9330,20171127,2
9330,20171128,2
9335,20171025,1
9336,20171101,2
9337,20171111,2
9340,20170929,2
9342,20171101,2
9342,20171111,2
9341,20171111,1
9343,20170904,1
9343,20170905,1
9343,20170907,1
9343,20170908,1
9343,20170918,1
9343,20170919,1
9343,20170921,1
9343,20170922,1
9343,20171002,1
9343,20171003,1
9343,20171005,1
9343,20171006,1
9343,20171016,1
9343,20171017,1
9343,20171019,1
9343,20171020,1
9343,20171106,1
9343,20171107,1
9343,20171109,1
9343,20171110,1
9343,20170911,1
9343,20170912,1
9343,20170915,1
9343,20170925,1
9343,20170926,1
9343,20170929,1
9343,20171009,1
9343,20171010,1
9343,20171013,1
9343,20171113,1
9343,20171114,1
9343,20171117,1
9343,20171130,2
9364,20171101,2
9344,20171102,1
8995,20171102,1
9345,20171101,2
9345,20171102,2
9346,20171101,2
9346,20171023,2
9346,20171024,2
9346,20171025,2
9346,20171026,2
9346,20171027,2
9351,20171022,2
9351,20171029,2
2074,20171101,1
9353,20171027,1
9353,20171103,1
9353,20171101,2
9347,20171023,1
9347,20171030,1
9347,20171101,2
9347,20171102,2
9354,20171102,1
9354,20171030,2
9354,20171023,2
9349,20171101,2
9352,20171101,2
9355,20171101,2
9355,20171009,2
9355,20171010,2
9355,20171011,2
9355,20171012,2
9355,20171013,2
9355,20171016,2
9355,20171017,2
9355,20171018,2
9355,20171019,2
9355,20171020,2
9358,20171101,2
9358,20171102,2
9356,20171101,2
9356,20171102,2
9362,20171023,2
9362,20171030,2
9369,20171101,2
9369,20171111,2
9357,20171101,2
9360,20171101,2
9363,20171023,1
9363,20171030,1
9363,20171101,2
9361,20171027,1
9361,20171103,1
9361,20171101,2
9368,20171111,1
9368,20171023,1
9368,20171024,1
9368,20171025,1
9368,20171026,1
9368,20171030,1
9368,20171031,1
9368,20171101,1
9368,20171102,1
9367,20171023,1
9367,20171024,1
9367,20171025,1
9367,20171026,1
9367,20171030,1
9367,20171031,1
9367,20171101,1
9367,20171102,1
9365,20171023,1
9365,20171024,1
9365,20171025,1
9365,20171026,1
9365,20171030,1
9365,20171031,1
9365,20171102,1
9366,20171111,1
9366,20171023,1
9366,20171024,1
9366,20171025,1
9366,20171026,1
9366,20171030,1
9366,20171031,1
9366,20171101,1
9366,20171102,1
9370,20171022,1
9370,20171029,1
9370,20171105,1
9370,20171111,2
9370,20171023,2
9370,20171024,2
9370,20171025,2
9370,20171026,2
9370,20171028,2
9370,20171030,2
9370,20171031,2
9370,20171101,2
9370,20171102,2
9370,20171104,2
9373,20171027,2
9373,20171103,2
9374,20171031,2
635,20171031,1
9372,20171101,2
9372,20171102,2
9371,20171102,1
9375,20171102,1
9377,20171031,1
9379,20171031,2
9379,20171101,2
9381,20171031,1
9381,20171101,1
6784,20171101,2
9383,20171031,1
6268,20171101,2
9385,20171101,1
6870,20171101,2
9384,20171023,2
9384,20171024,2
9384,20171025,2
9384,20171026,2
9384,20171030,2
9384,20171031,2
9384,20171101,2
9384,20171102,2
8994,20171101,2
8994,20171111,2
9386,20171101,2
6865,20171101,2
9387,20171025,2
9387,20171101,2
9388,20171101,2
9388,20171106,2
9388,20171107,2
9388,20171108,2
9388,20171109,2
9388,20171110,2
9388,20171113,2
9388,20171114,2
9388,20171115,2
9388,20171116,2
9388,20171117,2
9391,20171023,1
9391,20171024,1
9391,20171025,1
9391,20171026,1
9391,20171027,1
9391,20170903,1
9391,20171030,1
9391,20171031,1
9391,20171102,1
9391,20171103,1
9392,20171101,2
9392,20171111,2
9393,20171023,2
9393,20171024,2
9393,20171025,2
9393,20171026,2
9393,20171027,2
9393,20171030,2
9393,20171031,2
9393,20171101,2
9393,20171102,2
9393,20171103,2
9394,20171102,2
9395,20171023,2
9395,20171030,2
9396,20171101,2
9396,20171111,2
9397,20171024,2
9397,20171025,2
9397,20171026,2
9397,20171027,2
9397,20171031,2
9397,20171101,2
9397,20171102,2
9397,20171103,2
9398,20171025,1
9398,20171111,2
9406,20171031,2
9406,20171101,2
9406,20171111,2
9405,20171101,2
9401,20171111,1
9401,20171101,1
7661,20171022,1
7661,20171029,1
7661,20171105,1
7661,20170903,1
9399,20170918,2
9400,20171023,2
9400,20171024,2
9400,20171025,2
9400,20171026,2
9400,20171027,2
9400,20171030,2
9400,20171031,2
9400,20171101,2
9400,20171102,2
9400,20171103,2
9404,20171111,1
9404,20171101,1
9402,20171101,2
9402,20171111,2
1789,20170909,2
1789,20170910,2
1789,20170916,2
1789,20170917,2
1789,20170923,2
1789,20170924,2
1789,20170930,2
1789,20171001,2
9408,20171111,1
9408,20171101,1
9408,20171103,2
9408,20171027,2
9412,20171027,1
9412,20171103,1
9409,20171022,1
9409,20171029,1
9409,20171101,2
9409,20171111,2
9410,20171027,1
9410,20171103,1
9410,20171101,2
9410,20171111,2
2485,20171022,2
2485,20171029,2
2485,20171105,2
9411,20171111,1
9411,20171101,1
6555,20171101,2
7583,20171020,2
7583,20171027,2
9414,20171030,2
9414,20171101,2
9414,20171103,2
9414,20171023,2
9414,20171024,2
9414,20171025,2
9414,20171026,2
9414,20171027,2
9415,20171007,1
9415,20171014,1
9415,20171022,2
9415,20171023,2
9415,20171024,2
9415,20171025,2
9415,20171026,2
9415,20171027,2
9415,20171029,2
9415,20171030,2
9415,20171031,2
9415,20171101,2
9415,20171102,2
9415,20171103,2
9415,20171105,2
9417,20171023,2
9417,20171024,2
9417,20171025,2
9417,20171026,2
9417,20171027,2
9417,20171030,2
9417,20171031,2
9417,20171101,2
9417,20171102,2
9417,20171103,2
9416,20171101,2
9418,20171111,2
8931,20171101,2
9420,20171106,1
9420,20171107,1
9420,20171108,1
9420,20171109,1
9420,20171110,1
9420,20171113,1
9420,20171114,1
9420,20171115,1
9420,20171116,1
9420,20171117,1
9420,20171120,1
9420,20171121,1
9420,20171122,1
9420,20171123,1
9420,20171124,1
9420,20171127,1
9420,20171128,1
9420,20171129,1
9420,20171130,1
9420,20171201,1
9419,20171027,1
9419,20171103,1
9419,20171101,2
9422,20171101,2
9444,20171101,2
2188,20171031,1
9443,20171101,2
9423,20171101,2
9427,20171101,2
9427,20171111,2
9427,20170918,2
9427,20170919,2
9427,20170920,2
9427,20170921,2
9427,20170922,2
9427,20170923,2
9427,20170925,2
9427,20170926,2
9427,20170927,2
9427,20170928,2
9427,20170929,2
9427,20170930,2
9427,20171002,2
9427,20171003,2
9427,20171004,2
9427,20171005,2
9427,20171006,2
9427,20171007,2
9425,20170918,2
9425,20170919,2
9425,20170920,2
9425,20170921,2
9425,20170922,2
9425,20170923,2
9425,20170924,2
9425,20170925,2
9425,20170926,2
9425,20170927,2
9425,20170928,2
9425,20170929,2
9425,20170930,2
9425,20171001,2
9425,20171002,2
9425,20171003,2
9425,20171004,2
9425,20171005,2
9425,20171006,2
9425,20171007,2
9425,20171008,2
9436,20171110,1
9436,20171107,2
9432,20171111,1
9440,20171101,1
9439,20171101,2
9430,20171112,1
9430,20171023,2
9430,20171030,2
9433,20171111,1
9433,20171101,1
9434,20171111,2
9429,20171101,1
9442,20171025,2
9442,20171027,2
9442,20171101,2
9442,20171103,2
9445,20171101,2
9435,20171101,2
9435,20171111,2
9548,20171113,1
9548,20171114,1
9548,20171115,1
9548,20171116,1
9548,20171117,1
9548,20171101,2
9464,20170919,2
9463,20170919,1
4205,20170908,1
9459,20171101,1
9452,20170923,2
9452,20170916,2
9452,20170917,2
9450,20170909,1
9454,20171031,1
9454,20171101,1
9454,20170903,1
9454,20170908,1
9454,20170909,1
9454,20170910,1
9456,20170917,2
9457,20170903,1
9457,20170904,1
9457,20170905,1
9457,20170906,1
9457,20170907,1
9457,20170908,1
9457,20170910,1
7782,20171101,2
9451,20170904,1
9451,20170905,1
9451,20170906,1
9451,20170907,1
9451,20171101,2
9446,20171101,1
9446,20170903,1
9446,20170909,1
9446,20170910,1
9448,20170904,1
9448,20170905,1
9448,20170906,1
9448,20170907,1
9448,20171101,2
9449,20170916,2
9449,20170923,2
9449,20171111,2
9455,20171101,1
9455,20170903,1
9455,20170910,1
9458,20171111,2
9460,20171111,1
9462,20171111,1
9462,20171101,1
9466,20171101,2
6800,20171101,2
9467,20171111,1
9467,20171101,1
9465,20171111,2
9474,20171101,2
9474,20171111,2
9109,20171101,2
9483,20171101,2
9492,20171023,2
9492,20171024,2
9492,20171025,2
9492,20171026,2
9492,20171027,2
9489,20171023,2
9489,20171024,2
9489,20171025,2
9489,20171026,2
9489,20171027,2
9494,20171023,2
9494,20171024,2
9494,20171025,2
9494,20171026,2
9494,20171027,2
9502,20171111,2
9503,20171111,1
9505,20171111,1
9505,20171101,1
9504,20171101,2
9504,20171111,2
9506,20171101,1
9507,20171111,2
9563,20171101,2
9563,20171111,2
8854,20171101,2
9515,20171202,1
9515,20171106,1
9515,20171107,1
9515,20171108,1
9515,20171109,1
9515,20171110,1
9515,20171120,1
9515,20171121,1
9515,20171122,1
9515,20171123,1
9515,20171124,1
9515,20171127,1
9515,20171128,1
9515,20171129,1
9515,20171130,1
9515,20171201,1
9515,20170926,1
9515,20170927,1
9515,20170928,1
9515,20170929,1
9515,20171017,1
9515,20171018,1
9515,20171019,1
9515,20171020,1
9515,20171024,1
9515,20171025,1
9515,20171026,1
9515,20171027,1
9515,20171031,1
9515,20171103,1
9515,20171114,1
9515,20171115,1
9515,20171116,1
9515,20171117,1
9515,20171003,1
9515,20171004,1
9515,20171005,1
9515,20171006,1
9515,20171007,1
9515,20171010,1
9515,20171011,1
9515,20171012,1
9515,20171013,1
9515,20171014,1
9515,20171101,2
9515,20171102,2
9519,20171101,2
9517,20171025,2
9518,20171111,1
9559,20171101,2
9559,20171113,2
9559,20171114,2
9559,20171115,2
9559,20171116,2
9559,20171120,2
9559,20171121,2
9559,20171122,2
9559,20171123,2
9559,20171127,2
9559,20171128,2
9559,20171129,2
9559,20171130,2
9525,20171101,2
9526,20171111,1
9526,20171101,1
9568,20170905,2
9568,20171031,2
9568,20171101,2
9568,20171111,2
9569,20170905,1
9564,20170906,2
9564,20171101,2
9565,20170906,1
9573,20171101,1
4181,20171009,1
9534,20171111,1
9534,20171101,1
9533,20171101,1
9532,20171101,2
9539,20171009,2
9539,20171010,2
9539,20171011,2
9539,20171012,2
9539,20171013,2
9539,20171023,2
9537,20171023,2
9537,20171009,2
9537,20171010,2
9537,20171011,2
9537,20171012,2
9537,20171013,2
9537,20171030,2
9537,20171031,2
9537,20171101,2
9540,20171001,1
9540,20171112,1
9540,20170903,1
9541,20170910,1
9541,20170917,1
9541,20171126,1
9542,20171010,1
9549,20171101,2
9545,20171106,1
9545,20171107,1
9545,20171108,1
9545,20171109,1
9545,20171110,1
9545,20171113,1
9545,20171114,1
9545,20171115,1
9545,20171116,1
9545,20171117,1
9543,20171101,2
9544,20171101,2
9546,20171101,2
9550,20171101,2
9551,20171101,2
9551,20171102,2
9557,20170909,1
9553,20170909,1
9553,20170910,1
9558,20170910,1
9558,20170917,1
9554,20170911,1
9554,20170918,1
9561,20171028,2
9561,20171029,2
9562,20171101,2
9571,20171101,1
9572,20171101,2
9596,20171101,2
9597,20171031,2
9597,20171101,2
9597,20171110,2
9599,20171101,2
9599,20171111,2
9598,20171031,2
9598,20171101,2
9613,20171111,1
9613,20171101,1
9606,20171023,1
9606,20171024,1
9606,20171026,1
9606,20171030,1
9606,20171031,1
9606,20171101,2
9612,20171101,1
9612,20171022,1
9612,20171029,1
9612,20170903,1
6992,20171101,2
9604,20171101,2
9604,20171111,2
9608,20171022,1
9608,20171029,1
9608,20171105,1
9608,20170903,1
9607,20171101,1
9607,20171111,1
9607,20171112,1
9607,20171118,1
9607,20171119,1
9607,20171125,1
9607,20171126,1
9607,20171202,1
9607,20171022,2
9607,20171029,2
9601,20171101,2
9601,20171111,2
9610,20171101,1
9609,20171023,1
9609,20171024,1
9609,20171026,1
9609,20171027,1
9609,20171030,1
9609,20171031,1
9609,20171102,1
9609,20171103,1
9609,20171101,2
9609,20171111,2
9603,20171023,1
9603,20171024,1
9603,20171025,1
9603,20171026,1
9603,20171027,1
9603,20171030,1
9603,20171031,1
9603,20171102,1
9603,20171103,1
9603,20171111,2
9611,20171111,1
9611,20171022,2
9611,20171029,2
9611,20171105,2
9614,20171101,2
9614,20171111,2
9615,20171101,2
9615,20171111,2
9615,20171025,2
9615,20171028,2
9616,20171023,2
9616,20171030,2
9647,20171101,2
17558,20171023,2
17558,20171024,2
17558,20171025,2
17558,20171026,2
17558,20171027,2
17558,20171030,2
17558,20171031,2
17558,20171101,2
17558,20171102,2
17558,20171103,2
17559,20171023,2
17559,20171030,2
9649,20171101,2
9722,20171023,1
9722,20171024,1
9722,20171025,1
9722,20171026,1
9722,20171030,1
9722,20171031,1
9722,20171101,1
9722,20171102,1
9721,20171023,1
9721,20171024,1
9721,20171025,1
9721,20171026,1
9721,20171028,1
9721,20171030,1
9721,20171031,1
9721,20171102,1
3960,20170916,1
11184,20171002,1
11184,20171003,1
11184,20171004,1
11184,20171005,1
11184,20171006,1
11184,20171030,1
11184,20171031,1
11185,20170915,2
11185,20171027,2
11185,20171103,2
11189,20171101,2
11190,20171101,2
11191,20170908,1
11197,20170903,1
11197,20170930,1
11196,20171009,1
11196,20171010,1
11196,20171011,1
11196,20171012,1
11196,20171013,1
11196,20171002,1
11196,20171003,1
11196,20171004,1
11196,20171005,1
11196,20171006,1
11196,20171007,1
11196,20171030,1
11196,20171031,1
11196,20171008,2
11198,20171030,1
11198,20171031,1
11198,20171102,1
11198,20171103,1
11198,20171127,1
11198,20171128,1
11198,20171129,1
11198,20171130,1
11198,20171201,1
11198,20171101,2
11211,20171013,1
11211,20171020,1
11211,20170930,1
11211,20171007,1
11211,20171110,1
11200,20171002,1
11200,20171030,1
11200,20170905,1
11200,20170906,1
11200,20170907,1
11200,20170908,1
11200,20170912,1
11200,20170913,1
11200,20170914,1
11200,20170915,1
11200,20170919,1
11200,20170920,1
11200,20170921,1
11200,20170922,1
11200,20171031,1
11200,20171102,1
11200,20171103,1
11200,20171107,1
11200,20171108,1
11200,20171109,1
11200,20171110,1
11200,20171101,2
8978,20171118,1
8970,20171101,2
8970,20171111,2
8980,20171111,1
11244,20171031,1
11244,20171101,1
8981,20171031,1
11096,20171101,2
11098,20171023,1
11098,20171024,1
11098,20171025,1
11098,20171027,1
11098,20171030,1
11098,20171031,1
11098,20171103,1
11098,20171005,1
11098,20171116,1
11098,20171011,1
11098,20170921,1
11098,20171130,1
11099,20171020,1
11099,20170914,1
11099,20170905,1
11099,20171115,1
11108,20171101,2
11108,20171009,2
11108,20171010,2
11108,20171011,2
11108,20171012,2
11108,20171013,2
11108,20171016,2
11108,20171017,2
11108,20171018,2
11108,20171019,2
11108,20171020,2
11107,20171101,2
11109,20171031,2
11109,20171101,2
11111,20170923,1
11111,20171202,1
11111,20171021,1
11111,20171104,1
11111,20171118,1
11106,20170925,1
11106,20170926,1
11106,20170927,1
11106,20170928,1
11106,20170929,1
11106,20171009,1
11106,20171010,1
11106,20171011,1
11106,20171012,1
11106,20171013,1
11106,20171023,1
11106,20171024,1
11106,20171025,1
11106,20171026,1
11106,20171027,1
11106,20171106,1
11106,20171107,1
11106,20171108,1
11106,20171109,1
11106,20171110,1
11106,20171120,1
11106,20171121,1
11106,20171122,1
11106,20171123,1
11106,20171124,1
11113,20171106,1
11113,20171107,1
11113,20171108,1
11113,20171109,1
11113,20171110,1
11114,20171030,1
11114,20171031,1
11114,20171101,1
11114,20171102,1
11114,20171103,1
11114,20171113,1
11114,20171114,1
11114,20171115,1
11114,20171116,1
11114,20171117,1
11115,20171113,1
11115,20171114,1
11115,20171115,1
11115,20171116,1
11115,20171117,1
11118,20171124,1
11118,20171201,1
11116,20171030,1
11116,20171031,1
11116,20171102,1
11116,20171103,1
7483,20171101,2
5692,20171108,1
11117,20171030,1
11117,20171031,1
11117,20171101,1
11117,20171102,1
11117,20171103,1
5790,20171023,1
5790,20171024,1
5790,20171025,1
5790,20171026,1
5790,20171027,1
11120,20171101,2
11121,20171030,2
11121,20171031,2
11121,20171101,2
11121,20171102,2
11122,20171016,1
11122,20171017,1
11122,20171018,1
11122,20171019,1
11122,20171020,1
11122,20171030,1
11122,20171031,1
11122,20171102,1
11122,20171103,1
11122,20171113,1
11122,20171114,1
11122,20171115,1
11122,20171116,1
11122,20171117,1
11124,20171030,2
11124,20171031,2
11124,20171101,2
11124,20171102,2
11124,20171103,2
11126,20171031,1
11126,20171101,1
17560,20171101,1
17561,20171031,1
11133,20171007,1
11133,20171008,1
11130,20171002,1
11130,20171003,1
11130,20171004,1
11130,20171005,1
11130,20171006,1
11130,20171009,1
11130,20171010,1
11130,20171011,1
11130,20171012,1
11130,20171013,1
11130,20171120,1
11130,20171121,1
11130,20171122,1
11130,20171123,1
11130,20171124,1
11130,20171127,1
11130,20171128,1
11130,20171129,1
11130,20171130,1
11130,20171201,1
11129,20171125,1
11129,20171126,1
11129,20171002,1
11129,20171003,1
11129,20171004,1
11129,20171005,1
11129,20171006,1
11129,20171009,1
11129,20171010,1
11129,20171011,1
11129,20171012,1
11129,20171013,1
11134,20171009,1
11134,20171010,1
11134,20171011,1
11134,20171012,1
11134,20171013,1
11134,20171014,1
11134,20171016,1
11134,20171017,1
11134,20171018,1
11134,20171019,1
11134,20171020,1
11134,20171106,1
11134,20171107,1
11134,20171108,1
11134,20171109,1
11134,20171110,1
11131,20171016,1
11139,20170925,1
11139,20170926,1
11139,20170927,1
11139,20170928,1
11139,20170929,1
11139,20171120,1
11139,20171121,1
11139,20171122,1
11139,20171123,1
11139,20171124,1
11140,20171009,1
11140,20171010,1
11140,20171011,2
11140,20171012,2
11140,20171013,2
11143,20171025,2
11143,20171101,2
11142,20171101,2
11146,20171113,1
11146,20171114,1
11146,20171115,1
11146,20171116,1
11146,20171117,1
11146,20171127,1
11146,20171128,1
11146,20171129,1
11146,20171130,1
11146,20171201,1
11146,20171101,2
11147,20171120,1
11147,20171001,2
11148,20171102,1
11148,20171103,1
11148,20171107,1
11148,20171108,1
11148,20171109,1
11148,20171110,1
11148,20171114,1
11148,20171115,1
11148,20171116,1
11148,20171117,1
11148,20171121,1
11148,20171122,1
11148,20171123,1
11148,20171124,1
11148,20171128,1
11148,20171129,1
11148,20171130,1
11148,20171201,1
11148,20171017,2
11148,20171018,2
11148,20171019,2
11148,20171020,2
11148,20171024,2
11148,20171025,2
11148,20171026,2
11148,20171027,2
11149,20171101,2
11151,20171110,1
11150,20171110,1
11150,20171111,1
11152,20170928,2
11152,20170929,2
11152,20171002,2
11152,20171005,2
11152,20171006,2
8851,20171111,1
8868,20171028,2
8868,20171029,2
8868,20171104,2
8868,20171105,2
11159,20171101,2
11158,20171101,2
11166,20171101,2
11161,20171101,2
11169,20171101,2
7987,20171018,1
11170,20171101,2
11175,20170911,1
11175,20170912,1
11175,20171009,1
11175,20171010,1
11174,20170912,1
11174,20171009,1
11174,20171010,1
11179,20171101,2
11182,20171101,2
11183,20171025,1
11188,20170904,1
11188,20170905,1
11188,20170906,1
11188,20170907,1
11188,20170908,1
11188,20170911,1
11188,20170912,1
11188,20170913,1
11188,20170914,1
11188,20170915,1
11188,20170918,1
11188,20170919,1
11188,20170920,1
11188,20170921,1
11188,20170922,1
11188,20171120,1
11188,20171121,1
11188,20171122,1
11188,20171123,1
11188,20171124,1
11188,20171127,1
11188,20171128,1
11188,20171129,1
11188,20171130,1
11216,20170904,1
11216,20170905,1
11216,20170906,1
11216,20170907,1
11216,20170908,1
11216,20170911,1
11216,20170912,1
11216,20170913,1
11216,20170914,1
11216,20170915,1
11216,20170918,1
11216,20170919,1
11216,20170920,1
11216,20170921,1
11216,20170922,1
11216,20171120,1
11216,20171121,1
11216,20171122,1
11216,20171123,1
11216,20171124,1
11216,20171127,1
11216,20171128,1
11216,20171129,1
11216,20171130,1
11187,20170904,1
11187,20170905,1
11187,20170906,1
11187,20170907,1
11187,20170908,1
11187,20170911,1
11187,20170912,1
11187,20170913,1
11187,20170914,1
11187,20170915,1
11187,20170918,1
11187,20170919,1
11187,20170920,1
11187,20170921,1
11187,20170922,1
11187,20171120,1
11187,20171121,1
11187,20171122,1
11187,20171123,1
11187,20171124,1
11187,20171127,1
11187,20171128,1
11187,20171129,1
11187,20171130,1
11187,20171201,1
11193,20171103,1
11193,20171101,2
11192,20171007,2
11194,20171101,2
11199,20171101,2
11204,20171023,2
11204,20171024,2
11204,20171025,2
11204,20171026,2
11204,20171027,2
11204,20171030,2
11204,20171031,2
11204,20171101,2
11204,20171102,2
11204,20171103,2
11201,20170924,1
11201,20171106,1
11201,20171107,1
11201,20171108,1
11201,20171109,1
11201,20171110,1
11201,20171113,1
11201,20171114,1
11201,20171115,1
11201,20171116,1
11201,20171117,1
11201,20170922,2
11201,20170929,2
11205,20171101,2
11203,20171102,1
11203,20171103,1
11203,20171105,2
11210,20170904,1
11210,20170911,1
11210,20170918,1
11210,20170919,1
11210,20170920,1
11210,20170921,1
11210,20170922,1
11210,20170925,1
11210,20170926,1
11210,20170927,1
11210,20170928,1
11210,20170929,1
11210,20171002,1
11210,20171003,1
11210,20171004,1
11210,20171005,1
11210,20171006,1
11210,20171009,1
11210,20171010,1
11210,20171011,1
11210,20171012,1
11210,20171013,1
11210,20171016,1
11210,20171017,1
11210,20171018,1
11210,20171019,1
11210,20171020,1
11210,20171106,1
11210,20171107,1
11210,20171108,1
11210,20171109,1
11210,20171110,1
11210,20171113,1
11210,20171114,1
11210,20171115,1
11210,20171116,1
11210,20171117,1
11210,20171023,2
11210,20171030,2
11210,20170905,2
11210,20170906,2
11210,20170907,2
11210,20170908,2
11210,20170912,2
11210,20170913,2
11210,20170914,2
11210,20170915,2
11206,20171112,1
11215,20170930,1
11215,20171007,1
11212,20170903,1
11212,20170908,1
11213,20170903,1
11213,20170930,1
11209,20170903,1
11209,20170907,1
1777,20171002,1
1276,20170903,1
11219,20170903,1
11219,20170907,1
11223,20171030,1
11223,20171102,1
11223,20171106,1
11223,20171107,1
11223,20171108,1
11223,20171109,1
11223,20171113,1
11223,20171114,1
11223,20171115,1
11223,20171116,1
11223,20171120,1
11223,20171121,1
11223,20171122,1
11223,20171123,1
11223,20171127,1
11223,20171128,1
11223,20171129,1
11223,20171130,1
11223,20170918,2
11223,20170919,2
11223,20170920,2
11223,20170921,2
11223,20170925,2
11223,20170926,2
11223,20170927,2
11223,20170928,2
11223,20171002,2
11223,20171003,2
11223,20171004,2
11223,20171005,2
9654,20171101,2
4555,20171004,1
11231,20171016,1
11231,20171017,1
11231,20171018,1
11231,20171019,1
11231,20171020,1
11231,20170925,1
11231,20170926,1
11231,20170927,1
11231,20170928,1
11231,20170929,1
11228,20171024,1
11228,20171025,1
11228,20171026,1
11228,20171027,1
11228,20170918,1
11228,20170919,1
11228,20170920,1
11228,20170921,1
11228,20170922,1
11228,20171002,1
11228,20171003,1
11228,20171004,1
11228,20171005,1
11228,20171006,1
11230,20171101,2
11233,20171030,1
11233,20171101,2
6366,20171009,2
6366,20171010,2
6366,20171011,2
6366,20171012,2
6366,20171013,2
6366,20171016,2
6366,20171017,2
6366,20171018,2
6366,20171019,2
6366,20171020,2
6366,20171023,2
6366,20171024,2
6366,20171025,2
6366,20171026,2
6366,20171027,2
6366,20171030,2
6366,20171031,2
6366,20171101,2
6366,20171102,2
6366,20171103,2
6366,20171106,2
6366,20171107,2
6366,20171108,2
6366,20171109,2
6366,20171110,2
11232,20171101,2
11235,20171024,1
11235,20171025,1
11235,20171026,1
11235,20171027,1
11235,20171030,1
11235,20171031,1
11235,20171102,1
11235,20171103,1
11235,20171023,2
11235,20171101,2
11240,20171111,1
9674,20171111,1
11239,20171111,1
11252,20171101,2
11253,20171015,1
11253,20171022,1
11254,20171106,1
11254,20171107,1
11254,20171108,1
11254,20171109,1
11254,20171113,1
11254,20171114,1
11254,20171115,1
11254,20171116,1
11254,20171120,1
11254,20171121,1
11254,20171122,1
11254,20171123,1
11254,20171127,1
11254,20171128,1
11254,20171129,1
11254,20171130,1
11254,20171101,2
11254,20171029,2
11254,20171112,2
11254,20171119,2
11254,20171126,2
11257,20171101,2
11261,20171105,1
11261,20171008,1
11261,20171106,1
11261,20171107,1
11261,20171108,1
11261,20171109,1
11260,20170917,1
11260,20171008,1
11260,20171105,1
11260,20170910,1
11260,20171106,1
11260,20171107,1
11260,20171108,1
11260,20171109,1
11259,20170917,1
11259,20171105,1
11259,20170910,1
11258,20171112,1
11258,20171116,1
10044,20171016,1
10044,20171017,1
10044,20171018,1
10044,20171019,1
10044,20171020,1
10044,20171023,1
10044,20171024,1
10044,20171025,1
10044,20171026,1
10044,20171027,1
10044,20171127,1
10044,20171128,1
10044,20171129,1
10044,20171130,1
10044,20171201,1
14165,20170911,2
14165,20170912,2
14165,20170918,2
14165,20170919,2
