service_id,monday,tuesday,wednesday,thursday,friday,saturday,sunday,start_date,end_date
2303,0,0,0,0,1,0,0,20170908,20171013
2301,0,0,0,0,1,1,1,20171023,20171202
2305,0,0,0,0,0,0,1,20170903,20171126
2307,0,0,0,0,1,0,0,20171023,20171201
2304,0,0,0,0,0,1,0,20171113,20171202
8667,1,1,1,1,0,0,0,20170904,20171008
8668,0,0,0,0,1,0,0,20170908,20171008
2316,0,0,0,0,1,0,0,20171013,20171117
2320,0,0,0,0,0,0,1,20171015,20171022
8678,0,0,0,0,0,0,1,20170903,20171008
2319,0,0,0,0,0,0,1,20170903,20171008
8677,1,1,1,1,1,0,1,20170903,20171008
8626,0,0,0,0,0,1,1,20171125,20171202
8666,0,0,0,0,0,1,1,20171014,20171105
98,0,0,0,0,1,0,0,20171124,20171201
8672,1,1,1,1,1,0,0,20170904,20171008
8671,1,1,1,1,1,1,1,20171009,20171022
2314,0,0,0,0,0,1,0,20170909,20171008
8665,0,0,0,0,0,1,1,20170903,20171008
2313,0,0,0,0,0,1,0,20171014,20171104
8646,1,1,1,1,1,0,1,20171009,20171022
2309,1,1,1,1,1,0,0,20171120,20171201
2321,0,0,0,0,0,0,1,20170903,20171008
2308,1,1,1,1,1,0,0,20170904,20170929
8670,1,1,1,1,1,1,0,20171009,20171117
8635,1,1,1,1,1,1,0,20171120,20171202
8673,1,1,1,1,1,1,1,20170904,20171001
8669,1,1,1,1,1,1,0,20170904,20171010
108,0,0,0,0,1,0,0,20170908,20171201
2312,1,1,1,1,1,0,0,20171009,20171117
2311,1,1,1,1,1,0,0,20171002,20171006
8664,1,1,1,1,1,0,0,20170904,20171201
8640,1,1,1,1,1,0,0,20171102,20171117
2324,1,1,1,1,1,0,0,20171102,20171117
2318,0,0,0,0,0,0,1,20171015,20171022
8676,1,1,1,1,1,0,0,20171002,20171026
8625,1,1,1,1,1,0,0,20170918,20170926
2339,1,1,1,1,0,0,1,20171009,20171026
2326,1,1,1,1,1,0,0,20170904,20170929
2334,1,1,1,1,1,0,0,20171016,20171027
444,0,0,0,1,1,0,0,20171102,20171103
2354,0,0,0,0,1,0,0,20170908,20171027
2315,0,0,0,0,0,1,0,20170909,20170930
2331,1,1,1,1,1,1,0,20171120,20171202
2357,1,1,1,1,0,0,0,20171102,20171130
2356,0,0,0,0,1,0,0,20171103,20171124
2323,1,1,1,1,1,0,0,20171009,20171027
2328,0,0,0,0,0,0,1,20171001,20171008
2327,1,1,1,1,1,1,0,20171002,20171007
2330,1,1,1,1,1,0,0,20171102,20171117
857,0,0,0,0,0,0,1,20170903,20170924
2329,0,0,0,0,0,1,0,20171014,20171028
2335,1,1,1,1,1,1,1,20170903,20171022
2346,0,0,0,0,0,1,0,20170909,20171202
2341,0,0,0,0,1,0,0,20171013,20171027
2342,1,1,1,1,0,0,1,20170903,20171008
2340,0,0,0,0,1,0,0,20170908,20170929
2344,1,1,1,1,1,0,0,20171102,20171117
2345,1,1,1,1,1,0,1,20171120,20171130
2343,1,1,1,1,0,0,0,20171002,20171005
2353,1,1,1,1,0,1,1,20170903,20171026
2348,0,0,0,0,0,0,1,20170910,20171008
8647,0,0,0,0,0,1,0,20170903,20171008
2764,0,0,0,0,0,0,1,20170910,20171008
8650,1,1,1,1,1,1,0,20170904,20170917
8651,1,1,1,1,1,1,0,20171009,20171028
8652,0,0,0,0,1,1,0,20171201,20171202
2428,0,0,0,0,1,0,0,20170908,20171006
8629,0,0,0,0,0,1,1,20170909,20171008
3572,1,1,1,1,0,0,0,20170904,20171005
8628,1,1,1,1,0,0,0,20171009,20171116
97,1,1,1,1,0,0,0,20171120,20171130
8620,1,1,1,1,0,1,0,20171009,20171028
8627,0,0,0,0,0,1,1,20171104,20171105
8633,1,1,1,1,0,1,1,20170904,20171008
8634,1,1,1,1,0,1,1,20171009,20171028
8630,0,0,0,0,0,1,1,20171014,20171028
8632,1,1,1,1,0,0,1,20171120,20171202
8631,1,1,1,1,0,0,0,20171102,20171116
8619,1,1,1,1,0,1,0,20171120,20171202
8654,1,1,1,1,1,1,0,20170918,20170925
8644,1,1,1,1,1,0,1,20170904,20171008
8617,1,1,1,1,0,1,0,20170904,20171007
8618,1,1,1,1,0,0,0,20171102,20171116
514,0,0,0,0,1,0,0,20171103,20171201
8653,1,1,1,1,1,1,0,20171120,20171130
8621,1,1,1,1,1,0,0,20170904,20171008
2332,1,1,1,1,1,0,1,20171009,20171027
8623,1,1,1,1,1,0,1,20170903,20171008
2322,0,0,0,0,1,0,0,20170908,20171124
8622,1,1,1,1,1,0,0,20171101,20171117
2351,1,1,1,1,1,1,1,20171009,20171117
2362,0,0,0,0,0,0,1,20170903,20171008
2333,1,1,1,1,1,1,1,20170903,20171001
2336,0,0,0,0,0,0,1,20171001,20171022
2359,1,1,1,1,0,1,0,20170904,20171202
2350,1,1,1,1,1,1,1,20170903,20171008
2363,0,0,0,0,0,1,0,20170909,20171007
8663,1,1,1,1,1,1,1,20170903,20171202
8637,1,1,1,1,1,1,0,20170904,20170930
8636,1,0,1,1,1,0,0,20171102,20171117
8639,0,0,0,0,0,1,0,20171007,20171010
8638,0,1,1,1,1,1,0,20171009,20171028
3868,1,1,1,1,1,0,0,20171002,20171027
8642,1,1,1,1,1,1,1,20170904,20171008
8624,1,1,1,1,1,0,0,20170904,20171027
8641,1,1,1,1,1,1,1,20171120,20171202
17432,1,1,1,1,1,0,0,20170911,20170915
17433,1,1,1,1,1,0,0,20171002,20171027
17434,1,1,1,1,1,0,0,20171106,20171124
8662,0,0,0,0,0,1,0,20170909,20171008
8661,1,1,1,1,0,0,0,20171127,20171130
715,0,0,0,0,0,0,1,20170910,20170924
8614,1,1,1,1,1,0,0,20170904,20171029
8643,1,1,1,1,1,1,1,20170903,20171022
8649,1,1,1,1,1,0,0,20170904,20171201
86,0,0,0,0,0,1,0,20171125,20171202
246,0,0,0,0,0,1,1,20170916,20170930
2371,0,0,0,0,0,0,1,20171001,20171015
2367,1,1,1,1,1,1,0,20170912,20171020
2372,1,1,1,1,1,1,0,20171021,20171031
2390,0,0,0,0,0,0,1,20170903,20170910
2365,1,1,1,1,1,0,0,20171023,20171031
1318,1,1,1,1,1,0,0,20170904,20170911
17435,0,0,0,0,0,1,1,20170903,20170910
2375,1,1,1,1,1,1,0,20170904,20170911
2364,1,1,1,1,1,0,0,20170912,20171020
2389,0,0,0,0,0,0,1,20170917,20171029
17436,1,1,1,1,1,0,0,20171023,20171031
2403,0,0,0,0,0,1,1,20170916,20171029
17437,1,1,1,1,1,0,0,20171002,20171020
17438,1,1,1,1,1,0,0,20170912,20170929
2402,0,0,0,0,0,1,1,20170903,20170910
17439,1,1,1,1,1,0,0,20170904,20170911
2370,0,0,0,0,0,0,1,20171022,20171029
476,0,0,0,0,0,1,1,20170903,20170910
2369,0,0,0,0,0,1,0,20171007,20171028
2392,0,0,0,0,0,1,0,20170916,20171014
1135,0,0,0,0,0,1,0,20171021,20171028
17440,0,0,0,0,0,1,1,20170916,20171029
2366,1,1,1,1,1,1,0,20171023,20171202
2393,1,1,1,1,1,0,0,20171106,20171117
2397,0,0,0,0,0,1,1,20171021,20171104
2396,0,0,0,0,0,1,1,20170903,20170910
2388,0,0,0,0,0,0,1,20170917,20171015
17441,0,1,1,1,1,0,0,20170905,20170908
17442,0,1,1,1,1,0,0,20171003,20171020
1055,0,0,0,0,0,1,1,20171105,20171202
17443,0,1,1,1,1,0,0,20170912,20170929
2401,0,0,0,0,0,1,1,20170916,20171015
2381,0,0,0,0,0,0,1,20170903,20170910
2405,0,0,0,0,0,1,1,20171105,20171126
17444,1,0,0,0,0,1,0,20170909,20171030
17445,1,0,0,0,0,0,0,20170904,20170911
762,0,0,0,0,0,0,1,20171105,20171126
2406,0,0,0,0,0,1,1,20171021,20171104
2407,0,0,0,0,0,1,1,20170903,20170910
2377,0,0,0,0,0,0,1,20171105,20171126
2378,0,1,1,1,1,0,0,20171024,20171031
2380,1,1,1,1,1,1,0,20171106,20171202
2379,0,0,0,0,0,0,1,20171022,20171101
2478,1,1,1,1,1,1,0,20170904,20171202
2477,1,1,1,1,1,0,0,20170904,20171201
203,1,1,1,1,1,0,0,20170904,20171201
17446,0,0,0,0,0,1,0,20170916,20171028
2520,1,1,1,1,1,0,0,20170918,20171031
17447,1,1,1,1,1,0,0,20170904,20170914
55,0,0,0,0,0,0,1,20170903,20170910
2519,1,1,1,1,1,0,0,20170904,20170915
2532,1,1,1,1,1,1,1,20170916,20171031
2523,0,0,0,0,0,1,0,20170916,20171028
2524,1,1,1,1,1,0,0,20170904,20170915
2525,1,1,1,1,1,0,0,20170918,20171008
17449,0,1,1,1,0,0,0,20170912,20170914
17450,1,1,1,1,1,0,0,20170915,20171031
17451,1,1,1,1,1,0,0,20170918,20171008
1603,0,1,1,1,1,0,0,20170912,20170915
477,1,1,1,1,1,0,0,20170904,20170911
2521,1,1,1,1,1,0,0,20170912,20171031
2526,1,1,1,1,1,1,0,20170904,20170911
2528,1,1,1,1,1,1,0,20170916,20171031
2529,1,1,1,1,1,1,0,20170912,20171031
17452,1,1,1,1,1,0,0,20171009,20171027
2619,1,1,1,1,1,1,1,20170903,20171202
2620,1,1,1,1,1,1,1,20170903,20171202
2613,0,0,0,0,0,1,1,20170903,20171202
2590,0,0,0,0,0,1,0,20170909,20171202
3244,0,0,0,0,1,0,0,20171006,20171117
3162,0,0,0,0,0,1,0,20171007,20171118
3242,0,0,0,0,1,0,0,20171006,20171201
3193,1,0,0,0,0,0,0,20170911,20171016
3241,0,0,0,0,1,0,0,20170908,20170929
241,0,0,0,0,1,0,0,20170915,20170929
3243,0,0,0,0,0,0,1,20171008,20171119
3215,1,1,1,1,1,1,1,20171002,20171201
3216,1,1,1,1,1,0,1,20170903,20171001
3188,1,1,1,1,1,0,0,20171002,20171201
3154,1,1,1,1,1,0,0,20170904,20170929
3214,1,1,1,1,1,0,0,20171002,20171201
3202,1,1,1,1,1,0,0,20170904,20170929
3189,0,0,0,0,0,1,0,20171007,20171118
3180,1,1,1,1,1,0,0,20170904,20170930
1831,1,1,1,1,1,0,0,20171002,20171201
3182,1,1,1,1,1,1,0,20171002,20171201
3159,1,1,1,1,1,0,0,20170904,20170929
3228,1,1,1,1,1,1,1,20171002,20171201
3230,1,1,1,1,1,0,1,20170903,20171001
2236,1,1,1,1,1,0,0,20170925,20170929
3173,1,1,1,1,1,0,0,20170904,20170922
3223,0,0,0,0,1,0,0,20171006,20171201
3168,0,0,0,0,0,1,1,20171007,20171119
3196,0,1,1,1,1,0,0,20170903,20171001
3160,1,1,1,1,1,0,0,20171002,20171201
3184,1,1,1,1,0,0,0,20170904,20170928
3218,0,0,0,0,0,0,1,20171008,20171119
3237,0,0,0,0,0,0,1,20170903,20170910
3203,1,1,1,1,1,0,0,20171002,20171201
3236,1,1,1,1,0,0,0,20171002,20171130
3194,1,1,1,1,1,1,1,20171030,20171201
3177,1,1,1,1,1,0,0,20171002,20171201
3103,1,1,1,1,0,0,0,20170904,20170928
3221,1,1,1,1,0,0,0,20171002,20171130
3186,0,0,0,0,1,0,0,20171030,20171201
3192,0,0,0,0,0,0,1,20171008,20171119
3179,1,1,1,1,1,1,1,20171002,20171201
3172,1,1,1,1,1,0,0,20171002,20171201
3165,0,0,0,0,0,1,0,20171007,20171202
3185,0,0,0,0,0,1,0,20171007,20171118
3187,1,1,1,1,1,1,0,20171002,20171202
3156,1,1,1,1,1,0,0,20171002,20171201
3226,1,1,1,1,1,0,1,20170903,20171001
3224,1,1,1,1,1,0,1,20171002,20171201
3210,1,1,1,1,1,1,1,20171002,20171201
3208,1,1,1,1,1,1,1,20170903,20170910
3232,1,1,1,1,1,0,1,20171002,20171201
3227,1,1,1,1,1,1,1,20171002,20171201
3235,0,0,0,0,0,0,1,20170903,20170910
3238,0,0,0,0,0,0,1,20171028,20171105
3234,0,0,0,0,0,0,1,20171008,20171119
3222,1,1,1,1,1,1,1,20171002,20171201
3205,1,1,1,1,1,0,0,20171002,20171201
3199,1,1,1,1,1,1,0,20171002,20171201
3200,1,1,1,1,1,0,0,20170904,20170930
3219,0,0,0,0,0,0,1,20170903,20171001
3213,0,0,0,0,1,0,0,20170908,20171201
8,1,1,1,1,1,1,1,20170903,20171202
3303,0,0,0,0,0,1,1,20170930,20171008
3247,1,1,1,1,1,0,0,20171023,20171201
3313,0,0,0,0,0,1,1,20171023,20171119
3317,1,1,1,1,1,0,0,20170911,20170924
3309,1,1,1,1,1,0,0,20171023,20171201
3245,1,1,1,1,1,0,0,20170911,20171020
3319,0,0,0,0,0,1,1,20171009,20171022
378,0,0,0,0,0,1,0,20170916,20170923
3318,1,1,1,1,1,1,1,20171023,20171201
17453,1,1,1,1,1,0,0,20171023,20171201
1636,0,0,0,0,0,1,1,20171014,20171022
17454,1,1,1,1,1,0,0,20171023,20171201
3299,0,0,0,0,0,1,0,20170930,20171007
3296,1,1,1,1,1,0,0,20171030,20171201
355,0,0,0,0,0,1,0,20171014,20171021
3321,0,0,0,0,1,0,0,20170922,20171020
3258,0,0,0,0,1,0,0,20171023,20171201
3257,0,0,0,0,1,0,0,20170915,20171020
3320,1,1,1,1,1,1,1,20171023,20171201
17456,0,0,0,0,1,0,0,20171023,20171201
17457,1,0,0,0,0,0,0,20171023,20171120
3291,0,0,0,0,0,0,1,20171009,20171022
3290,1,1,1,1,1,0,1,20171023,20171201
3293,1,0,0,0,0,0,0,20171002,20171016
1417,0,1,1,1,1,0,0,20170905,20170908
3269,1,1,1,1,1,0,0,20171030,20171201
3284,0,0,0,0,0,1,1,20171023,20171119
3274,0,0,0,0,0,1,1,20170924,20171022
3267,0,1,1,1,1,0,0,20170912,20171020
3280,1,1,1,1,1,0,0,20171023,20171201
17458,1,1,1,1,1,0,0,20171023,20171201
17459,0,0,0,0,0,1,1,20171023,20171119
3253,0,0,0,0,0,1,1,20170930,20171022
3259,1,1,1,1,1,0,0,20171023,20171201
248,1,1,1,1,1,0,0,20170911,20170929
3289,1,1,1,1,1,0,1,20171001,20171020
3264,0,0,0,0,0,1,0,20170930,20171021
17463,1,1,1,1,1,0,0,20171030,20171201
3305,1,1,1,1,1,1,1,20171023,20171201
3301,1,1,1,1,1,1,1,20171030,20171201
3271,0,0,0,0,0,0,1,20170924,20171022
3298,1,1,1,1,1,1,0,20171023,20171201
3311,0,0,0,0,0,1,1,20171023,20171119
3314,1,1,1,1,1,1,1,20171023,20171201
3251,1,1,1,1,1,1,1,20170911,20171022
3270,0,0,0,0,0,0,1,20171023,20171119
3316,0,0,0,0,0,0,1,20170917,20171022
17464,0,0,0,0,0,1,1,20171023,20171119
3262,1,1,1,1,1,1,1,20170911,20171022
17465,1,1,1,1,1,0,0,20171023,20171201
3276,1,1,1,1,1,0,0,20170918,20171020
3254,1,1,1,1,0,1,0,20171023,20171130
3255,1,1,1,1,0,1,0,20170925,20171021
3287,0,0,0,0,0,0,1,20171023,20171119
3250,1,1,1,1,1,1,1,20171030,20171201
3277,1,1,1,1,1,0,0,20171030,20171201
3281,1,1,1,1,1,0,0,20170904,20170915
3261,1,1,1,1,1,1,1,20171023,20171201
1513,1,1,1,1,1,0,0,20170911,20170915
3326,0,0,0,0,0,0,1,20170903,20170910
470,0,0,0,0,0,0,1,20170903,20170910
3323,1,1,1,1,1,0,0,20171030,20171201
3328,0,1,1,1,1,1,0,20170905,20171202
3348,1,1,1,1,1,1,1,20170903,20171014
3347,1,1,1,1,1,1,1,20171015,20171202
3333,0,0,0,0,0,1,0,20171113,20171202
3329,1,1,1,1,1,0,0,20171016,20171201
3338,0,0,0,0,0,0,1,20171030,20171126
17467,1,1,1,1,1,1,1,20170903,20171014
17468,0,0,0,0,0,0,1,20171101,20171126
17469,1,1,1,1,1,0,0,20170904,20171013
17470,0,0,0,0,0,1,0,20171113,20171202
17471,0,0,0,0,1,0,0,20170908,20171013
17472,0,0,0,0,0,0,1,20171001,20171008
3355,0,0,0,0,0,1,1,20170903,20171014
3358,0,0,0,0,0,0,1,20171015,20171126
3364,0,0,0,0,0,1,1,20171015,20171202
17473,0,0,0,0,1,0,0,20170908,20171013
17474,0,0,0,0,0,1,1,20170903,20171014
3352,0,0,0,0,1,0,0,20171020,20171201
1891,1,1,1,1,1,0,0,20170904,20171013
17475,1,1,1,1,1,0,0,20170904,20171013
17476,0,0,0,0,0,1,1,20170903,20170924
17477,0,0,0,0,0,0,1,20171015,20171022
17479,0,0,0,0,0,0,1,20170903,20171008
3342,0,0,0,0,0,1,1,20171030,20171202
17480,1,1,1,1,1,1,1,20170903,20171014
3365,1,1,1,1,0,0,0,20171016,20171130
17481,0,0,0,0,0,0,1,20170903,20171008
17482,0,0,0,0,0,0,1,20170903,20171008
17483,1,1,1,1,1,1,0,20170904,20171014
17484,1,1,1,1,1,1,1,20170903,20171014
17485,0,0,0,0,0,0,1,20170903,20171008
17486,1,1,1,1,1,1,1,20170903,20171014
17487,0,0,0,0,0,0,1,20170903,20171008
17488,0,0,0,0,0,1,0,20170909,20171014
17489,1,1,1,1,1,0,0,20170904,20171013
9733,0,0,0,0,0,0,1,20170903,20170910
3390,0,0,0,0,1,1,1,20171020,20171202
3394,0,0,0,0,1,0,0,20170908,20170915
3396,0,0,0,0,1,1,1,20170909,20171015
1534,1,1,1,1,1,1,1,20171016,20171202
3398,0,0,0,0,0,0,1,20171022,20171126
3397,0,0,0,0,0,0,1,20170903,20171015
3393,1,1,1,1,0,0,0,20171113,20171116
2136,1,1,0,0,0,0,0,20170911,20170912
110,0,0,0,0,0,0,1,20170903,20170904
2438,1,1,1,1,0,0,0,20170911,20171005
3463,1,1,1,1,0,0,0,20171016,20171019
3469,1,1,1,1,1,1,1,20170918,20170924
1602,1,1,1,1,1,1,1,20171009,20171015
3464,0,1,1,0,0,0,0,20170905,20170906
3465,1,1,1,1,1,0,0,20171020,20171201
3388,1,0,0,1,0,0,0,20171030,20171102
3453,1,1,1,1,1,1,1,20171002,20171015
3462,0,0,0,0,1,0,0,20170907,20171006
3389,1,1,1,1,0,0,0,20170905,20171026
3379,1,1,1,1,0,0,0,20170904,20171102
3386,1,1,1,1,0,0,0,20171120,20171130
3381,0,0,0,0,0,0,1,20170903,20171126
3380,1,1,1,1,1,0,0,20171020,20171201
2262,1,1,1,1,0,0,0,20171009,20171012
3415,0,0,0,0,1,0,0,20170929,20171006
3414,0,0,0,0,0,1,1,20171021,20171202
3410,0,0,0,0,1,0,0,20170908,20170924
3404,0,0,0,0,1,0,0,20171020,20171201
3405,0,0,0,0,0,0,1,20170925,20171001
3412,1,1,1,1,0,0,0,20171002,20171026
3406,1,1,1,1,0,0,0,20171120,20171130
3407,0,0,0,0,0,1,1,20170903,20171015
3456,1,1,1,1,1,1,1,20170904,20171015
3411,1,1,1,1,0,0,0,20170905,20170928
3433,1,1,1,1,0,0,0,20171016,20171030
3431,0,0,0,0,0,1,1,20170918,20170929
3372,1,1,1,1,1,1,0,20170905,20171014
1820,1,1,1,1,1,1,0,20171016,20171202
3432,0,0,0,0,1,0,0,20170915,20170924
3438,1,1,1,1,0,0,0,20171113,20171116
3439,0,1,1,1,0,0,0,20171120,20171130
3437,0,0,1,1,0,0,0,20171101,20171102
3429,1,1,1,1,0,0,0,20170911,20170921
3440,0,0,0,0,1,1,1,20171103,20171126
3442,0,0,0,0,1,1,0,20171201,20171202
3435,0,0,0,0,1,1,0,20171020,20171028
3468,1,1,1,1,1,0,1,20171101,20171201
3455,0,0,0,0,0,0,1,20170910,20171029
3460,0,0,0,0,0,1,1,20170903,20171202
3371,1,1,1,1,1,0,0,20171023,20171201
3466,1,1,1,1,1,0,1,20170905,20171019
3370,1,0,0,0,0,0,0,20170905,20170925
2383,0,1,1,1,1,0,0,20171003,20171020
2384,0,1,1,1,1,0,0,20170912,20170929
3376,0,0,0,0,0,0,1,20170910,20171126
3467,1,1,1,1,1,0,1,20171020,20171031
1332,0,0,0,0,0,0,1,20170903,20170904
3470,0,0,0,0,0,1,0,20170909,20171202
3385,1,1,1,1,1,1,0,20171101,20171202
2125,1,1,1,1,1,1,0,20170905,20171202
3383,1,1,1,1,1,1,0,20170905,20171019
3384,1,1,1,1,1,1,0,20171020,20171031
3448,1,1,1,1,1,0,0,20171020,20171031
3450,1,1,1,1,0,0,0,20171113,20171123
3416,0,0,0,0,0,0,1,20171002,20171015
3449,1,1,1,1,1,0,0,20171102,20171112
3400,1,1,1,1,1,0,0,20171106,20171130
3457,1,1,1,1,1,0,0,20170904,20171201
17490,0,0,0,0,0,1,0,20170909,20171202
17491,1,1,1,1,1,0,0,20170905,20170929
17492,1,1,1,1,1,1,0,20171002,20171019
3401,0,0,0,0,0,1,0,20171113,20171125
3399,1,1,1,1,1,1,0,20170905,20171019
3454,0,0,0,0,0,0,1,20170910,20171015
3471,1,1,1,1,0,0,0,20170905,20171012
3476,0,0,0,0,1,0,0,20171020,20171027
3473,0,0,0,0,1,1,1,20171002,20171013
3426,1,1,1,1,1,0,0,20171002,20171008
3472,1,1,1,1,0,0,0,20171016,20171031
3474,0,0,0,0,0,1,1,20171015,20171029
395,1,1,1,1,1,0,0,20170904,20170908
3417,0,0,1,0,1,0,0,20171129,20171201
3480,0,0,0,0,1,1,0,20171101,20171202
3418,0,0,0,0,0,1,0,20171002,20171014
3477,0,0,0,0,0,0,1,20171105,20171126
3425,0,0,0,0,0,1,0,20171021,20171202
3420,1,1,1,1,1,0,0,20170913,20170922
3423,1,1,1,1,1,0,0,20171009,20171031
3478,1,1,1,1,0,0,0,20171106,20171130
3505,1,1,1,1,0,0,0,20170904,20171130
3502,1,1,1,1,0,0,0,20170918,20170928
3503,1,1,1,1,0,0,0,20170904,20171019
3504,1,1,1,1,0,0,0,20171106,20171130
3481,1,1,1,1,1,1,1,20170905,20171015
3483,1,1,1,1,1,1,1,20171020,20171202
3482,1,1,1,1,0,0,0,20170918,20171005
3485,1,1,0,1,0,0,0,20171030,20171102
3484,1,1,0,0,0,0,0,20171023,20171024
3486,0,0,0,0,0,1,1,20170909,20171126
3487,1,1,1,1,1,0,0,20170904,20171201
2726,0,0,0,0,0,0,1,20171119,20171126
3573,0,0,0,0,1,0,0,20171009,20171105
3494,1,1,1,1,0,0,0,20171023,20171102
3574,0,0,0,0,0,1,0,20171030,20171202
3490,0,0,0,0,0,0,1,20170917,20171008
2895,0,0,0,0,0,1,0,20171028,20171104
3492,0,0,0,0,0,0,1,20170917,20171008
3570,1,1,1,1,0,0,0,20171023,20171026
3571,0,0,0,0,1,0,0,20171023,20171201
818,0,0,0,0,1,0,0,20170922,20170929
1869,0,0,0,0,1,0,0,20171006,20171201
3495,1,1,1,1,0,0,0,20171023,20171102
17495,0,0,0,0,0,1,1,20170918,20170924
3497,0,0,0,0,0,1,0,20171106,20171202
3506,1,1,1,1,0,0,0,20170904,20171012
3508,0,0,0,0,1,0,0,20170908,20170924
8739,1,1,1,1,1,1,0,20170904,20171202
3522,1,1,0,1,0,1,1,20170903,20171029
357,1,1,1,1,1,1,1,20170903,20171202
3513,1,1,1,1,1,1,1,20170904,20171202
3519,0,0,0,0,1,0,1,20171031,20171201
3516,0,0,1,0,1,0,0,20170906,20171029
8738,1,1,1,1,1,0,1,20170903,20171201
3534,0,1,0,1,0,0,0,20170905,20171105
3532,1,0,1,0,1,1,1,20170904,20171029
699,1,1,1,1,1,1,1,20170904,20171029
3539,0,0,0,0,0,1,0,20171113,20171202
3540,1,1,1,1,1,1,0,20170904,20171029
3543,0,0,0,0,0,0,1,20170910,20171029
3526,0,1,1,1,1,1,1,20171031,20171202
3529,1,0,0,0,0,0,0,20171030,20171127
3558,1,1,1,1,0,0,1,20171016,20171130
3547,1,1,1,1,1,1,0,20171107,20171202
3565,0,0,0,0,1,0,1,20170903,20171015
3554,0,0,0,0,0,1,1,20170903,20171015
3557,1,1,1,1,0,0,1,20170903,20171015
3545,1,1,1,1,1,1,0,20171016,20171106
3566,0,0,0,0,1,0,0,20171020,20171201
3560,0,0,0,0,1,0,0,20170908,20171013
3546,1,1,1,1,1,1,0,20170904,20171014
3551,1,1,1,1,1,0,0,20170911,20170924
3563,0,0,1,0,0,0,1,20171016,20171030
3564,1,1,1,1,1,1,1,20171017,20171202
17496,1,1,1,1,1,1,1,20170903,20171015
3550,0,0,1,1,0,0,0,20171018,20171019
3552,1,1,1,1,1,1,1,20171016,20171105
17497,0,0,0,0,0,1,1,20170903,20171015
17498,0,0,0,0,0,0,1,20170925,20171001
3559,1,1,1,1,1,1,0,20170904,20171202
214,1,1,1,1,1,1,0,20170904,20171202
17501,0,0,0,0,0,0,1,20170903,20171126
3562,0,0,0,0,0,0,1,20170903,20171126
17503,1,1,1,1,1,1,1,20170903,20171202
3548,1,0,0,0,1,0,0,20171020,20171027
17504,0,0,0,0,0,0,1,20170903,20171126
17505,0,0,1,1,0,0,0,20171018,20171019
17506,0,0,0,0,0,0,1,20170925,20171001
3556,0,0,0,0,1,0,0,20171110,20171124
17508,0,0,0,0,0,1,1,20170903,20171202
17509,1,1,1,1,1,0,0,20170904,20171201
2174,0,0,0,0,0,0,1,20170903,20171126
17511,0,0,0,0,0,0,1,20171002,20171015
3581,0,0,0,0,0,0,1,20171022,20171126
3578,0,0,0,0,0,1,0,20171021,20171125
886,0,0,0,0,0,1,0,20170909,20171014
3580,1,0,0,0,1,0,0,20170904,20171013
3579,1,0,0,0,1,0,0,20171016,20171201
3577,1,0,0,0,1,1,1,20170918,20171202
3576,1,0,0,0,1,1,1,20170903,20170917
3589,0,0,0,0,0,1,0,20171104,20171118
2487,0,0,0,0,0,1,0,20171120,20171202
3590,0,0,0,0,0,0,1,20170903,20171015
3586,0,0,0,0,0,0,1,20171112,20171126
3587,0,0,0,0,0,1,0,20171104,20171125
3585,0,0,0,0,0,0,1,20170903,20171105
17512,0,0,0,0,1,1,1,20170903,20171202
3602,1,1,1,1,0,0,0,20170904,20171130
3599,1,1,1,1,1,1,0,20170904,20171202
513,0,0,0,0,0,1,0,20171104,20171202
3591,0,0,0,0,0,1,0,20170909,20171028
3592,0,0,0,0,0,0,1,20170903,20171126
3977,0,0,0,0,1,0,1,20170903,20171201
732,1,1,1,1,1,0,0,20170904,20171201
17513,0,0,0,0,0,1,0,20171014,20171021
17514,1,1,1,1,1,1,0,20170904,20171202
204,0,0,0,0,0,1,1,20170903,20171202
206,1,1,1,1,1,0,0,20170904,20171201
3595,0,0,0,0,0,1,0,20170930,20171111
3598,0,0,0,0,1,0,0,20170929,20171117
3603,1,1,1,1,1,1,1,20170904,20171202
3609,1,1,1,1,1,1,1,20171016,20171202
1544,1,1,1,1,1,1,1,20170903,20170924
17515,1,1,1,1,1,1,1,20170903,20171015
17516,1,1,1,1,1,1,1,20170925,20171015
3606,1,1,1,1,1,1,1,20170903,20171015
3638,1,1,1,1,1,1,1,20171016,20171202
3635,0,0,0,0,1,0,1,20171020,20171201
3632,0,0,0,0,1,0,1,20170903,20171015
3637,1,1,1,0,0,0,0,20171113,20171115
17519,1,1,1,1,0,0,0,20170904,20171012
17521,1,1,1,1,0,0,0,20171016,20171130
3626,0,0,0,0,1,1,1,20170903,20171015
3624,1,1,1,1,1,1,1,20170930,20171015
17524,1,1,1,1,1,1,1,20170903,20171015
17525,0,0,0,0,1,1,1,20171020,20171202
17527,1,1,1,1,1,1,1,20170925,20171027
3649,1,1,1,1,1,1,1,20171030,20171202
3026,0,0,0,0,0,1,1,20170930,20171001
3124,1,1,1,1,1,1,1,20170903,20170929
3647,0,0,0,0,1,1,0,20171201,20171202
3645,1,1,1,1,1,1,1,20171002,20171130
3653,1,1,1,1,1,1,1,20170903,20171202
3659,1,1,1,1,1,1,1,20171016,20171202
3664,0,0,0,0,1,0,0,20171020,20171201
3665,0,0,0,0,0,0,1,20171022,20171126
17529,1,1,1,1,1,1,1,20170903,20171202
17530,0,1,1,1,1,0,0,20171010,20171020
3677,0,1,1,1,1,0,0,20171017,20171130
3672,1,0,0,0,0,1,1,20170903,20171015
3668,0,1,1,1,1,0,0,20170905,20171013
3666,1,0,0,0,0,1,1,20171016,20171202
4322,0,0,0,0,1,0,1,20170903,20171201
4321,0,0,0,0,1,0,1,20170903,20171201
353,1,1,1,1,0,0,0,20170911,20170914
4338,1,1,1,1,0,0,0,20170908,20170914
4337,1,1,1,0,0,0,0,20171023,20171025
3764,0,1,1,1,0,0,0,20170919,20170921
4334,1,1,1,1,1,0,0,20171016,20171020
1641,0,0,0,0,0,1,1,20171021,20171022
734,1,1,0,0,0,0,0,20170904,20170905
4332,0,0,0,0,0,1,0,20171104,20171130
766,0,0,0,0,0,0,1,20170910,20170917
4335,0,0,0,0,1,1,0,20171201,20171202
4328,1,1,1,1,1,0,0,20171113,20171117
4343,0,0,0,0,1,1,0,20171201,20171202
4348,0,0,0,0,0,0,1,20171111,20171119
4341,1,1,1,1,1,1,0,20171106,20171123
4340,1,1,1,0,0,0,0,20171124,20171129
452,1,1,0,0,0,0,0,20171030,20171031
4339,0,0,0,0,1,1,0,20171020,20171021
445,1,1,1,1,1,0,0,20171106,20171110
4330,0,0,0,0,0,1,1,20171111,20171129
4325,1,1,1,1,1,0,0,20170925,20171008
3910,0,0,1,1,1,0,0,20171101,20171103
17531,0,0,0,1,1,1,0,20171021,20171105
17533,0,0,0,0,0,0,1,20171022,20171111
17534,1,1,1,1,1,1,0,20171127,20171202
1596,0,0,0,1,1,0,0,20170928,20170929
3772,1,1,1,0,0,0,0,20170925,20170927
4331,1,1,1,1,1,1,0,20171002,20171013
1585,1,1,1,1,0,0,0,20170904,20171130
4378,1,1,1,1,0,0,0,20170911,20171130
4355,1,1,1,1,1,0,1,20170903,20171201
4356,0,0,0,0,0,1,0,20170909,20171202
4360,0,0,0,0,1,1,0,20170908,20171202
4377,0,0,0,0,0,1,1,20170903,20171202
40,0,0,0,0,0,0,1,20170903,20171126
4366,1,1,1,1,0,0,0,20170904,20171023
4367,0,0,0,0,1,0,0,20170908,20171020
4352,1,1,1,1,1,0,0,20170904,20171023
4351,1,1,1,1,1,0,0,20171024,20171201
4361,0,0,0,0,0,1,1,20171118,20171119
4374,1,1,1,1,0,0,0,20171101,20171116
4371,1,1,1,1,0,0,0,20171023,20171031
4349,1,1,1,1,1,0,0,20171024,20171201
4369,0,0,0,0,0,0,1,20171029,20171126
1453,0,0,0,0,0,0,1,20170903,20171022
4363,0,0,0,0,0,1,1,20171028,20171112
4365,1,1,1,1,0,0,0,20171024,20171130
4373,1,1,1,1,0,0,0,20170904,20171019
4350,1,1,1,1,1,0,0,20170904,20171023
4370,0,0,0,0,0,1,0,20171028,20171112
3139,0,0,0,0,1,0,0,20171027,20171201
4364,0,0,0,0,0,1,1,20170903,20171022
3904,0,0,0,0,0,1,0,20171028,20171111
4357,0,0,0,0,0,1,0,20170916,20171022
4375,0,0,0,0,1,1,0,20170908,20171021
4358,1,1,1,1,1,0,0,20170904,20171023
4387,1,1,1,1,1,1,1,20170903,20171202
2229,1,1,1,1,1,0,0,20170904,20171201
4400,1,1,1,1,0,0,0,20170904,20170907
4384,1,1,1,1,1,1,0,20170904,20171202
4402,1,1,1,1,0,1,1,20170903,20171202
4395,0,0,0,0,0,0,1,20170903,20171126
1775,1,1,1,1,1,1,1,20170903,20171202
4406,0,0,0,0,0,1,1,20170903,20171126
4407,1,1,1,1,1,0,0,20170904,20171020
4411,1,1,1,1,0,0,0,20171120,20171130
4410,1,1,1,1,0,0,0,20171102,20171117
4394,1,1,1,1,1,1,1,20170903,20171202
4392,0,0,0,0,0,0,1,20170903,20171126
4403,0,0,0,0,0,0,1,20170903,20171126
4398,0,0,0,0,0,0,1,20171023,20171119
4399,1,1,1,1,0,0,0,20171101,20171117
4382,0,1,1,1,1,0,0,20170905,20171201
4381,1,0,0,0,0,0,0,20170904,20171127
4389,0,0,0,0,0,1,0,20170909,20171202
4390,1,1,1,1,1,1,1,20170903,20171202
11264,1,1,1,1,1,0,0,20170925,20171013
11265,0,0,1,0,1,0,0,20170927,20171013
8687,1,1,1,1,1,0,0,20170904,20171031
8683,1,1,1,1,1,1,0,20170904,20170911
5980,0,0,0,0,0,0,1,20170903,20170910
8690,0,0,0,0,0,1,1,20170903,20170910
1312,1,1,1,1,1,1,1,20170912,20171202
8679,1,1,1,1,1,0,0,20170912,20171201
674,0,0,0,0,0,1,0,20170916,20171202
8682,0,0,0,0,0,1,0,20170916,20171202
8686,1,1,1,1,1,0,0,20170904,20170911
8680,1,1,1,1,1,0,1,20170912,20171201
8681,1,1,1,1,1,0,1,20170903,20170911
1606,1,1,1,1,1,1,1,20170903,20170911
8692,1,1,1,1,1,1,1,20170916,20171031
8693,1,1,1,1,1,0,0,20170918,20171031
2391,0,0,0,0,0,0,1,20170903,20170910
8691,1,1,1,1,1,0,0,20170918,20171031
8695,1,1,1,1,1,1,1,20170903,20171029
8694,1,1,1,1,1,0,0,20171009,20171103
8696,1,1,1,1,1,1,1,20170903,20171202
8697,1,1,1,1,1,1,0,20170904,20171015
8698,0,0,0,0,0,1,0,20171021,20171202
8700,0,0,0,0,0,1,1,20171015,20171202
208,0,0,0,0,0,0,1,20170910,20171126
8699,1,1,1,1,1,1,1,20170904,20171014
8703,1,1,1,1,1,0,0,20170904,20171001
8720,0,0,0,0,0,1,1,20170918,20171001
8719,0,0,0,0,0,1,1,20171007,20171119
8712,1,1,1,1,1,0,1,20170903,20171001
8708,1,1,1,1,1,0,0,20170904,20171001
8715,0,0,0,0,0,1,1,20170918,20171001
17535,1,1,1,1,1,1,1,20171002,20171201
8728,0,0,0,0,1,0,0,20171006,20171201
8733,1,1,1,1,0,0,0,20171106,20171109
8730,1,1,1,1,0,0,0,20171009,20171102
17536,1,1,1,1,1,0,0,20171002,20171201
8722,1,1,1,1,1,0,0,20171002,20171201
8723,0,0,0,0,0,0,1,20171023,20171119
17537,0,0,0,0,0,1,0,20171007,20171118
17538,1,1,1,1,1,0,0,20171002,20171201
8704,1,1,1,1,1,0,0,20171002,20171201
8724,0,0,0,0,0,0,1,20171008,20171126
4183,0,0,0,0,0,0,1,20170924,20171001
8713,1,1,1,1,1,1,0,20171002,20171201
8716,1,1,1,1,1,0,1,20171002,20171201
8714,1,1,1,1,1,0,0,20170904,20170930
8721,1,1,1,1,1,1,1,20171003,20171201
8718,1,1,1,1,1,0,0,20170904,20171001
8736,1,1,1,1,1,0,0,20171023,20171027
8789,0,0,0,0,0,1,1,20170903,20171015
3705,1,1,1,1,0,0,0,20170925,20170928
8768,1,1,1,1,1,1,1,20170903,20171015
8769,1,1,1,1,1,1,0,20171002,20171014
8770,1,1,1,1,1,1,0,20171016,20171202
8741,1,1,1,1,1,0,0,20170904,20171013
8763,1,1,1,1,1,1,1,20171016,20171202
8791,1,1,1,1,0,0,0,20171102,20171130
8755,1,1,1,1,1,1,1,20170903,20171015
17540,1,1,1,1,0,0,0,20170918,20170928
17541,1,1,1,1,1,1,1,20171016,20171105
8792,1,1,1,1,0,0,0,20171016,20171031
4630,0,0,0,0,0,1,0,20171021,20171104
8782,1,1,1,1,1,1,1,20170903,20171015
8748,0,0,0,0,1,1,0,20171120,20171202
8746,1,1,1,1,0,0,0,20171120,20171128
8747,1,1,1,1,1,1,0,20170904,20171014
8764,1,1,1,1,1,1,1,20170903,20171015
7919,1,1,1,1,1,0,1,20170903,20171015
4887,1,1,1,1,1,0,1,20171016,20171201
3561,0,0,0,0,1,0,0,20170908,20171013
8745,1,1,0,0,0,0,0,20171002,20171013
885,0,0,0,0,0,1,0,20171021,20171202
8756,0,0,0,0,0,1,0,20171002,20171014
4894,1,1,1,1,1,0,1,20170903,20170910
8758,1,1,1,1,1,0,0,20171016,20171201
8743,1,1,1,1,1,0,1,20171016,20171105
8744,1,1,1,1,1,0,1,20170918,20171001
17544,0,0,0,0,0,1,0,20171002,20171014
4916,1,1,1,1,1,0,0,20170904,20170908
8757,1,1,1,1,1,0,0,20170918,20171013
17545,0,0,0,0,0,1,0,20171021,20171028
8776,1,1,1,1,1,1,1,20170903,20170917
8777,1,1,1,1,1,1,1,20170918,20171015
8751,0,0,0,0,0,1,1,20170903,20170916
8752,0,0,0,0,0,1,1,20170923,20171015
17546,0,0,0,0,0,1,1,20170903,20170917
524,0,0,0,0,1,0,0,20170908,20171201
8784,1,1,1,1,1,0,0,20170918,20171013
6433,0,0,0,0,0,0,1,20171105,20171112
8797,0,0,0,0,0,0,1,20170924,20171008
17547,0,0,0,0,0,0,1,20171119,20171126
8783,0,0,0,0,1,0,1,20170903,20171201
8773,1,1,1,1,1,1,0,20171016,20171112
8771,0,0,1,0,1,0,0,20171129,20171201
17548,0,1,1,1,1,0,0,20170919,20171001
8772,1,1,1,1,1,0,0,20170911,20171013
17549,1,1,1,1,1,0,0,20170904,20171201
17550,1,1,1,1,1,1,0,20171016,20171029
8778,1,1,1,1,1,1,1,20170903,20171202
8774,1,1,1,1,1,0,0,20170912,20170924
8788,0,0,0,0,1,0,1,20170903,20171201
8786,1,1,1,1,1,1,0,20170904,20171202
8765,1,1,1,1,1,1,1,20170903,20171202
8779,1,0,0,0,0,0,0,20171002,20171015
8787,1,1,1,1,1,1,1,20170903,20171202
8785,0,0,0,0,0,0,1,20170924,20171126
1018,0,0,0,0,0,0,1,20170903,20170917
8780,1,0,0,0,0,0,0,20171106,20171113
8750,1,1,1,1,1,1,0,20170918,20171202
8781,0,1,1,1,1,0,0,20171106,20171201
8760,1,1,1,1,1,0,0,20170911,20170924
8759,0,0,0,0,0,1,1,20170903,20171202
8767,0,0,0,0,0,1,1,20170923,20171202
8766,0,0,0,0,0,1,1,20170903,20170916
8749,1,1,1,1,1,1,0,20170904,20170916
17552,1,1,1,1,1,1,1,20170903,20171001
8799,1,1,1,1,1,1,1,20170903,20171022
8806,0,0,0,0,0,1,1,20170909,20170930
8805,1,1,1,1,1,0,0,20170903,20170929
17553,1,1,1,1,1,0,1,20170903,20171020
8810,0,0,0,0,0,1,0,20170909,20171021
8802,1,1,1,1,1,1,1,20170903,20171001
8803,1,1,1,1,1,1,1,20170903,20171022
8808,1,1,1,1,1,1,1,20170903,20171022
17556,1,1,1,1,1,1,1,20170903,20171020
701,1,1,1,1,1,1,1,20170904,20171202
82,0,0,0,0,0,1,1,20170909,20171202
8826,1,1,1,1,1,0,0,20170904,20171201
11177,1,1,1,1,1,1,1,20171002,20171020
11178,1,1,1,1,1,1,1,20171002,20171019
9154,1,1,1,1,1,0,0,20170911,20170924
9981,1,1,1,1,1,0,0,20171016,20171103
976,0,0,0,0,1,1,1,20171027,20171029
11234,0,0,0,0,0,0,1,20171029,20171101
11236,0,1,1,1,1,1,0,20171016,20171103
11229,1,1,1,1,1,1,0,20171023,20171102
2855,1,1,1,1,0,0,0,20170904,20171130
9259,0,0,0,0,0,0,1,20170903,20171126
5762,1,1,1,1,1,0,0,20171106,20171117
10206,1,1,1,1,1,0,0,20170918,20170922
1849,1,1,1,1,1,0,0,20170918,20170929
7433,0,0,0,0,0,1,0,20170909,20171202
6380,1,1,1,1,1,0,0,20170904,20171201
9317,1,1,1,1,1,0,0,20170904,20171201
9314,1,1,1,1,1,0,1,20170903,20171201
9315,1,1,0,1,0,0,0,20170904,20171130
9316,0,0,0,0,1,0,0,20170908,20171201
9321,0,0,1,0,0,0,0,20170906,20171129
9322,1,1,0,1,1,0,0,20170904,20171201
9318,0,0,0,0,0,1,0,20170909,20171202
9319,1,1,1,1,1,0,0,20171023,20171103
9308,1,1,1,1,1,0,0,20170904,20171201
9289,1,1,1,1,1,0,0,20171016,20171110
9324,0,0,0,0,0,1,0,20170909,20171202
2175,0,0,0,0,0,1,0,20170909,20171202
9320,0,0,1,0,0,1,0,20170906,20171105
9323,1,1,0,1,1,0,0,20170904,20171201
9332,1,1,1,1,1,0,0,20171023,20171103
9334,1,1,0,1,1,0,0,20171023,20171201
9333,1,1,0,1,1,0,0,20170904,20171020
9325,1,1,1,1,1,1,0,20170904,20171202
9326,0,0,0,0,1,1,0,20170908,20171202
9327,1,1,1,1,1,0,0,20170904,20171201
8864,1,1,1,1,1,0,0,20171023,20171103
9206,1,1,1,1,1,0,0,20170904,20171117
9328,1,1,1,1,1,0,0,20171120,20171201
9329,1,1,0,1,1,0,0,20171120,20171201
9330,1,1,1,1,1,0,0,20170904,20171129
9335,1,1,0,1,1,0,0,20170904,20171201
9336,0,0,1,0,0,0,0,20170906,20171129
9337,0,0,0,0,0,1,0,20170909,20171202
9340,0,0,0,0,1,1,1,20170903,20171028
9339,1,1,1,1,0,1,1,20170903,20171028
9338,1,1,1,1,1,1,1,20170903,20171028
9342,1,1,1,1,1,1,0,20170904,20171202
9341,0,0,0,0,0,0,1,20170903,20171126
39,0,0,0,0,0,1,0,20170909,20171202
9343,1,1,0,1,1,0,0,20171120,20171201
9364,1,1,1,1,0,1,0,20170904,20171202
9344,1,0,0,0,0,0,0,20170904,20171127
8995,1,0,0,0,0,0,0,20170904,20171127
9345,0,1,1,1,1,0,0,20170905,20171201
9346,1,1,1,1,1,0,0,20170904,20171201
9351,0,0,0,0,0,0,1,20170903,20171126
2074,0,0,0,0,0,0,1,20170903,20171126
9353,1,1,1,1,0,0,0,20170904,20171130
9347,0,1,1,1,1,0,0,20170905,20171201
9354,1,0,0,0,0,0,0,20170904,20171127
9348,0,1,0,0,0,0,0,20170905,20171128
9349,1,1,1,1,0,1,0,20170904,20171202
9352,1,1,1,1,1,0,0,20170904,20171201
9355,1,1,1,1,1,0,0,20170904,20171201
478,1,1,1,1,1,0,0,20171009,20171020
107,1,1,1,1,0,1,1,20170903,20171202
90,1,1,1,1,1,0,1,20170903,20171201
17,0,0,0,0,1,0,0,20170908,20171201
9358,0,1,1,1,1,1,0,20170905,20171202
9356,0,1,1,1,1,0,0,20170905,20171201
71,0,0,0,0,1,1,0,20170908,20171202
9362,1,0,0,0,0,0,0,20170904,20171127
9369,1,1,1,1,1,1,0,20170904,20171202
9357,1,1,1,1,1,1,0,20170904,20171202
8026,0,0,0,0,0,1,1,20170903,20171202
9359,0,0,0,0,0,1,1,20170903,20171202
9360,0,1,1,1,1,0,0,20170905,20171201
9363,0,1,1,1,1,1,0,20170905,20171202
9361,1,1,1,1,0,1,0,20170904,20171202
9368,0,0,0,0,1,0,1,20170903,20171201
9367,0,0,0,0,1,0,1,20170903,20171201
9365,0,0,0,0,1,0,0,20170908,20171201
9366,0,0,0,0,1,0,1,20170903,20171201
9370,1,1,1,1,0,1,0,20170904,20171202
9373,0,0,0,0,1,0,0,20170908,20171201
9374,1,1,1,1,0,1,1,20170903,20171202
635,0,0,0,0,1,0,0,20170908,20171201
9372,0,1,1,1,1,0,0,20170905,20171201
9371,1,0,0,0,0,0,0,20170904,20171127
9375,1,0,0,0,0,1,0,20170904,20171202
9377,0,0,0,0,1,0,0,20170908,20171201
4505,1,1,1,1,1,0,0,20170904,20170929
9378,1,1,0,1,1,0,0,20170904,20171201
9380,0,1,1,0,0,0,0,20171031,20171101
125,0,0,0,0,1,1,1,20170903,20171202
9379,1,1,1,1,0,0,0,20170904,20171130
9381,0,0,0,0,1,1,1,20170903,20171202
9382,1,0,0,0,0,0,0,20171023,20171030
6784,1,1,1,1,1,1,0,20170904,20171202
9383,0,0,0,0,1,1,0,20170908,20171202
6268,1,1,1,1,0,0,0,20170904,20171130
9385,0,0,0,0,0,1,1,20170903,20171202
6870,1,1,1,1,1,0,0,20170904,20171201
9384,1,1,1,1,0,0,0,20170904,20171130
8994,1,1,1,1,1,1,0,20170904,20171202
1335,1,1,1,1,1,1,1,20170903,20171202
9386,1,1,1,1,1,0,0,20171023,20171103
2494,1,0,0,0,0,0,0,20170904,20171127
6865,0,1,1,1,1,0,0,20170905,20171201
9387,0,0,1,0,0,0,0,20170906,20171129
9388,1,1,1,1,1,0,0,20170904,20171201
9389,1,0,0,0,0,0,0,20170904,20171127
628,1,0,0,0,0,0,0,20170904,20171127
9282,1,1,1,1,1,0,0,20171113,20171124
9392,0,0,1,0,1,1,0,20170906,20171202
9393,1,1,1,1,1,1,0,20170904,20171202
9394,0,0,0,1,0,0,0,20170907,20171130
111,1,0,0,0,0,0,0,20170904,20171127
9395,1,0,0,0,0,0,0,20170904,20171127
9396,1,1,1,1,0,1,0,20170904,20171202
9397,0,1,1,1,1,0,0,20170905,20171201
9398,1,1,0,1,1,1,0,20170904,20171202
69,1,1,1,1,1,0,0,20170904,20171201
9406,1,1,1,1,0,1,0,20170904,20171202
9405,1,1,1,1,0,0,0,20171023,20171102
9401,0,0,0,0,1,0,1,20170903,20171201
9407,1,1,1,1,1,0,0,20171023,20171103
70,1,1,1,1,1,1,0,20170904,20171202
194,0,0,0,0,0,0,1,20170903,20171126
9399,1,1,1,1,1,0,0,20170904,20171201
9400,1,1,1,1,1,0,0,20170904,20171201
9404,0,0,0,0,0,0,1,20170903,20171126
9402,1,1,1,1,1,1,0,20170904,20171202
9403,1,1,1,1,1,0,1,20170903,20171201
4666,1,1,1,1,1,0,0,20171002,20171013
1789,1,1,1,1,1,1,1,20170904,20171202
1704,1,1,1,1,1,1,1,20170904,20171202
9408,0,0,0,0,1,0,1,20170903,20171201
9412,1,1,1,1,0,1,1,20170903,20171202
9409,1,1,1,1,1,1,0,20170904,20171202
9410,1,1,1,1,0,1,0,20170904,20171202
2485,0,0,0,0,0,0,1,20170910,20171126
9411,0,0,0,0,0,0,1,20170903,20171126
19,0,0,0,0,0,1,0,20170909,20171202
6555,1,1,1,1,1,0,0,20170904,20171201
6259,1,1,1,1,1,1,1,20170903,20171202
9413,1,1,1,1,1,1,1,20170903,20171202
7583,0,0,0,0,1,0,0,20170908,20171201
9414,1,1,1,1,1,0,0,20170904,20171201
9415,1,1,1,1,1,0,1,20170904,20171201
9417,1,1,1,1,1,0,0,20170904,20171201
9416,1,1,1,1,1,0,0,20171023,20171103
9418,0,1,0,0,1,1,0,20170905,20171202
8931,1,1,1,1,1,0,0,20170904,20171201
9420,0,0,0,0,1,0,0,20170908,20171022
9419,1,1,1,1,0,0,0,20170904,20171103
9421,1,1,0,1,1,0,0,20171023,20171103
9422,0,0,1,0,1,0,0,20170906,20171201
9444,1,1,1,1,1,0,1,20170903,20171201
2188,0,0,0,0,1,0,0,20170908,20171201
9443,1,1,1,1,0,0,1,20170903,20171130
9423,0,1,1,1,1,1,0,20170905,20171202
9427,1,1,1,1,1,1,0,20170904,20171202
9426,1,1,1,1,1,1,0,20170918,20171007
9424,1,1,1,1,1,1,1,20170918,20171008
9425,1,1,1,1,1,1,1,20170903,20171202
9436,0,1,0,0,0,0,0,20171031,20171110
9432,1,1,1,1,0,0,1,20170903,20171130
9440,0,0,0,0,0,1,1,20171028,20171202
6766,1,1,1,1,1,0,0,20170904,20171020
9441,0,0,0,0,0,1,1,20170903,20171022
84,1,1,1,1,1,1,1,20170903,20171022
3878,1,1,1,1,1,1,1,20171023,20171202
9438,1,1,1,1,1,1,0,20170904,20171021
9437,1,1,1,1,1,1,0,20171023,20171028
9439,1,1,1,1,1,0,0,20171023,20171201
9430,1,0,0,0,0,0,0,20170904,20171127
9431,0,0,0,0,1,1,0,20171027,20171202
9433,0,0,0,0,0,0,1,20170903,20171126
9434,0,0,0,0,0,1,0,20170909,20171202
9429,0,0,0,0,1,0,1,20171027,20171201
9428,0,0,0,0,1,0,1,20170903,20171022
9442,0,0,1,0,1,0,0,20170906,20171201
9445,0,1,1,1,0,0,0,20170905,20171130
9435,1,1,1,1,1,1,0,20170904,20171202
9548,1,1,1,1,1,0,0,20171023,20171105
9547,1,1,1,0,0,0,0,20170918,20170920
4182,1,0,0,0,0,0,0,20171016,20171023
9464,1,1,1,1,0,1,1,20170903,20171202
9461,0,0,0,0,1,0,0,20170915,20171201
9459,0,0,0,0,0,1,1,20170903,20171202
9452,0,0,0,0,1,1,1,20170915,20171022
9450,0,0,0,0,0,1,0,20171023,20171202
9454,0,0,0,0,1,1,1,20171023,20171202
9456,1,1,1,1,1,0,1,20170911,20171022
8368,0,0,0,0,0,1,0,20170916,20170923
9457,1,1,1,1,1,0,1,20171023,20171201
9453,0,0,0,0,0,1,1,20170916,20170923
7782,1,1,1,1,0,0,0,20170904,20171130
9447,1,1,1,1,0,0,0,20170911,20171019
9451,1,1,1,1,0,0,0,20171023,20171130
9446,0,0,0,0,0,1,1,20171023,20171202
726,0,0,0,0,0,0,1,20170917,20170924
9448,1,1,1,1,0,0,0,20171023,20171130
9449,0,0,0,0,0,1,0,20170909,20171202
9455,0,0,0,0,0,0,1,20171023,20171126
9458,0,0,0,0,0,1,0,20170909,20171202
9460,1,1,1,1,0,0,1,20170903,20171130
9462,0,0,0,0,1,0,1,20170903,20171201
4600,1,1,1,1,1,0,0,20170904,20171013
6817,0,0,0,0,1,0,0,20170908,20171201
9466,0,1,1,1,1,0,0,20170905,20171201
6800,1,1,1,1,1,0,0,20170904,20171201
9469,1,1,1,1,0,1,1,20171016,20171202
9470,1,1,1,1,0,1,1,20170903,20171015
1535,1,1,1,1,1,1,1,20171015,20171202
9478,1,1,1,1,1,1,1,20170903,20171014
3368,0,0,0,0,0,1,1,20170903,20171014
9475,1,1,1,1,1,0,0,20170904,20171013
9467,0,0,0,0,0,0,1,20171015,20171126
9477,0,0,0,0,0,1,1,20170903,20171014
9465,0,0,0,0,1,1,0,20170908,20171202
9480,1,1,1,1,0,1,0,20170904,20171014
9479,0,0,0,0,1,0,1,20170903,20171013
5340,0,0,0,0,0,0,1,20170903,20171008
9474,1,1,1,1,1,1,0,20171016,20171202
3369,0,0,0,0,0,0,1,20170903,20171008
9468,0,0,0,0,0,0,1,20170903,20171008
9472,1,1,1,1,0,1,1,20170903,20171202
9471,0,0,0,0,1,0,0,20170908,20171013
9109,0,1,1,1,1,0,0,20171017,20171201
439,0,0,0,0,0,0,1,20170903,20171126
9481,1,0,0,0,0,0,0,20170904,20171009
7911,1,0,0,0,0,0,0,20171016,20171127
1454,1,1,1,1,1,0,0,20170904,20171027
9483,0,0,1,0,0,0,0,20170906,20171129
9485,1,1,1,1,1,0,0,20170904,20171027
9484,0,0,0,0,1,0,0,20170908,20171020
9486,0,0,0,0,0,0,1,20170903,20171022
9487,0,0,0,0,0,1,0,20170909,20171021
938,0,0,0,0,0,0,1,20170903,20171029
935,0,0,0,0,0,1,0,20170909,20171028
6350,1,1,1,1,1,0,0,20171023,20171103
9490,1,1,1,1,1,1,0,20170904,20171028
9492,1,1,1,1,1,1,0,20170904,20171028
9489,1,1,1,1,1,1,1,20170903,20171029
942,0,0,0,0,1,0,0,20170908,20171027
9493,1,1,1,1,1,1,0,20170904,20171028
9495,0,0,0,0,0,0,1,20170903,20171029
9494,1,1,1,1,1,0,1,20170903,20171029
9488,1,0,0,0,0,0,0,20170904,20171023
9491,0,0,0,0,0,0,1,20170903,20171029
6540,1,1,1,1,1,0,0,20170904,20171020
1465,0,0,0,0,0,0,1,20170903,20170910
9499,1,1,1,1,1,0,0,20170904,20171006
9497,0,0,1,0,0,1,0,20170906,20171007
9500,0,0,0,0,1,0,0,20170908,20171006
2423,1,1,1,1,1,0,0,20170904,20171006
9501,0,0,0,0,0,0,1,20170903,20171001
9498,1,1,1,1,1,0,0,20170904,20171006
9496,1,0,0,0,0,0,0,20170904,20171002
9502,0,0,0,0,0,1,0,20170909,20171202
9503,1,1,1,1,1,0,1,20170903,20171201
9505,0,0,0,0,0,0,1,20171008,20171126
9504,1,1,1,1,1,1,0,20170904,20171202
9506,0,0,0,0,0,1,1,20171007,20171202
9507,0,0,0,0,0,1,0,20171007,20171202
9207,1,1,1,1,1,1,0,20170904,20170909
9563,1,1,1,1,1,1,0,20170911,20171202
66,1,1,1,1,1,1,1,20170911,20171202
251,1,1,1,1,1,0,0,20170904,20170908
235,1,1,1,1,1,1,1,20170903,20170910
8854,1,1,1,1,1,0,0,20170911,20171201
9528,1,0,0,0,1,0,0,20170904,20171201
169,0,0,0,0,1,0,1,20170903,20171201
9515,1,1,1,1,1,0,0,20170904,20170924
9520,1,1,1,1,1,1,1,20171021,20171106
9519,1,1,1,1,1,1,0,20171021,20171104
9522,1,1,1,1,1,1,1,20171021,20171105
9521,1,1,1,1,1,1,1,20171021,20171106
9517,0,0,1,0,0,0,1,20171022,20171105
9523,1,1,1,1,1,1,1,20171021,20171105
9559,1,1,1,1,1,0,0,20170904,20171201
9525,1,1,1,1,1,0,0,20170904,20171201
671,0,0,0,0,1,0,0,20170915,20171201
1309,0,0,0,0,0,0,1,20170910,20171126
17557,0,0,0,0,0,0,1,20170910,20171126
9529,0,0,0,0,0,0,1,20170910,20171126
654,0,0,0,0,0,0,1,20170924,20171126
284,1,0,0,0,0,0,0,20170911,20171127
9526,0,0,0,0,0,0,1,20170910,20171126
9527,0,0,1,0,1,0,0,20170906,20171201
9568,1,1,1,1,0,1,0,20170904,20171202
1546,1,0,1,0,0,0,0,20170904,20171129
9564,1,1,1,1,1,0,0,20170904,20171201
9530,0,0,0,1,1,0,1,20170903,20171201
9573,0,0,0,0,1,1,1,20170903,20171202
3025,0,0,0,0,0,1,1,20171007,20171008
9534,0,0,0,0,0,0,1,20170903,20171126
9533,0,0,0,0,0,1,1,20170903,20171202
9532,1,1,1,1,1,0,0,20170904,20171201
9161,1,1,1,1,1,0,0,20170918,20171006
9536,1,1,1,1,1,0,0,20170918,20171027
9539,1,1,1,1,1,0,0,20170904,20171027
9537,1,1,1,1,1,0,0,20170904,20171103
9538,1,1,1,1,1,0,0,20170904,20171006
9541,0,0,0,0,0,0,1,20171009,20171029
9542,1,1,1,1,1,0,0,20170904,20170924
3038,1,1,1,1,1,0,0,20170904,20170922
64,0,0,0,0,0,1,1,20170909,20170910
9549,0,1,1,1,0,0,0,20171024,20171102
9545,1,1,1,1,1,0,0,20171009,20171022
9543,1,1,1,1,1,0,0,20171009,20171117
6352,1,0,0,0,1,0,0,20171023,20171103
9544,1,1,1,1,1,0,0,20171030,20171117
9546,1,1,1,1,1,0,0,20171030,20171117
9550,1,1,1,1,1,0,0,20170904,20171117
9551,0,1,1,1,1,0,0,20170905,20171103
9203,1,1,1,1,0,0,0,20170918,20171005
1146,0,0,0,0,0,1,0,20170923,20170930
9557,0,0,0,0,0,1,0,20170918,20170930
9556,0,1,1,1,1,0,0,20170919,20171006
9553,0,0,0,0,0,1,0,20170918,20170930
9558,0,0,0,0,0,0,1,20171009,20171029
9554,1,0,0,0,0,0,0,20171016,20171030
9561,0,0,0,0,0,1,1,20170903,20171202
9560,1,1,1,1,1,1,1,20171023,20171103
9562,1,1,1,1,1,0,0,20171023,20171103
9571,0,0,0,0,0,1,1,20170903,20171202
9572,1,1,1,1,1,0,0,20170904,20171201
9596,1,1,1,1,1,1,0,20171023,20171104
9597,1,1,1,1,1,0,0,20170904,20171201
9599,1,1,1,1,1,1,0,20170904,20171202
9598,0,1,1,1,1,0,0,20170905,20171201
9613,0,0,0,0,1,0,1,20170903,20171201
9605,0,0,1,0,0,0,0,20171025,20171101
9606,0,0,1,0,0,0,0,20170906,20171129
6992,1,1,1,1,1,0,0,20170904,20171201
9604,1,1,1,1,1,1,0,20170904,20171202
9607,0,0,0,0,0,1,1,20170909,20171029
423,1,1,1,1,1,1,1,20170903,20171202
9601,0,1,1,1,1,1,0,20170905,20171202
9600,0,0,0,0,0,1,0,20171028,20171104
9609,0,0,1,0,0,1,0,20170906,20171202
9603,0,0,0,0,0,1,0,20170909,20171202
9611,0,0,0,0,0,0,1,20170910,20171126
9614,1,1,1,1,1,1,1,20170903,20171202
9615,0,0,1,0,0,1,0,20170906,20171202
9616,1,0,0,0,0,0,0,20170904,20171127
9646,0,0,0,0,1,0,0,20171027,20171103
9647,1,1,1,1,0,0,0,20171023,20171102
17558,1,1,1,1,1,0,0,20170904,20171201
17559,1,0,0,0,0,0,0,20170904,20171127
9649,1,0,1,0,1,0,0,20170904,20171201
9650,0,1,0,1,0,0,0,20170905,20171130
9722,0,0,0,0,1,0,1,20170903,20171201
9721,0,0,0,0,1,0,0,20170908,20171201
11185,0,0,0,0,1,0,0,20170908,20171117
11189,1,1,1,1,1,0,0,20170918,20171117
11190,1,1,1,1,1,0,0,20171002,20171117
11191,1,1,1,1,1,0,0,20170918,20170929
11196,0,0,0,0,0,0,1,20171001,20171031
11195,0,0,0,1,1,0,1,20171102,20171105
11198,1,1,1,1,1,0,0,20170904,20171015
11211,0,0,0,0,1,0,0,20170908,20170924
11200,0,1,1,1,1,0,0,20171002,20171022
8971,1,1,1,1,1,1,1,20171020,20171124
8978,0,0,0,0,0,1,0,20171021,20171105
8970,1,1,1,1,1,1,0,20171020,20171124
8980,0,0,0,0,0,0,1,20171022,20171119
11247,0,0,0,0,1,1,0,20171020,20171124
11244,0,0,0,0,1,0,1,20171020,20171124
8981,0,0,0,0,1,0,0,20171020,20171124
11248,0,0,0,0,1,0,0,20171020,20171124
8966,1,1,1,1,1,1,1,20171020,20171125
8967,1,0,0,0,0,0,0,20171023,20171120
11251,1,0,0,0,1,1,1,20171020,20171124
11173,0,0,1,0,0,0,0,20171018,20171025
11172,1,1,0,1,1,0,0,20171016,20171027
11171,1,1,1,1,0,0,0,20171016,20171026
6343,1,1,1,1,0,0,0,20171009,20171019
11096,0,0,1,0,1,0,0,20171018,20171110
11095,0,0,0,0,1,0,0,20171020,20171110
11097,1,1,0,1,1,0,0,20170918,20171013
11098,0,0,0,1,0,0,0,20171016,20171105
11099,1,1,1,1,1,0,0,20170918,20171008
11100,1,1,1,1,1,0,0,20171009,20171024
11103,1,1,0,1,1,0,0,20171009,20171020
11102,0,0,1,0,0,0,0,20171011,20171018
11108,1,1,1,1,1,0,0,20170904,20171201
11101,1,0,0,0,0,0,0,20171009,20171016
5342,0,0,0,0,1,0,0,20171013,20171020
11107,1,1,1,1,1,0,0,20170904,20171201
11109,1,1,1,1,0,0,0,20170904,20171130
11111,0,0,0,0,0,1,0,20171002,20171008
11104,1,1,1,1,0,0,0,20170914,20170921
11106,1,1,1,1,1,0,0,20170911,20170917
11112,0,0,0,0,1,0,0,20171020,20171117
11113,1,1,1,1,1,0,0,20171023,20171029
11114,1,1,1,1,1,0,0,20171016,20171022
11115,1,1,1,1,1,0,0,20171016,20171029
11118,0,0,0,0,1,0,0,20170908,20171015
11116,1,1,1,1,1,0,0,20171016,20171022
7483,1,1,1,1,1,0,0,20171016,20171117
11117,1,1,1,1,1,0,0,20171016,20171022
5790,1,1,1,1,1,0,0,20171009,20171015
11120,1,1,1,1,0,0,0,20170925,20171116
11119,0,0,0,0,1,0,0,20170929,20171117
11121,1,1,1,1,0,0,0,20170925,20171116
11123,1,1,1,1,1,1,1,20170918,20171006
11124,1,1,1,1,1,0,0,20171002,20171117
11125,0,0,0,0,1,0,0,20171110,20171117
11126,0,0,0,0,1,0,1,20170903,20171201
17560,0,0,0,0,1,0,1,20170903,20171201
11128,1,1,1,1,1,0,0,20171010,20171020
11127,1,1,0,1,1,0,0,20171016,20171020
11132,1,1,1,1,1,1,1,20171002,20171013
11133,1,1,1,1,1,0,0,20171006,20171013
11135,1,1,1,1,1,0,0,20171009,20171019
11136,1,1,1,1,1,1,0,20171009,20171019
11131,0,1,1,1,1,1,0,20171010,20171020
11137,1,0,0,0,0,0,0,20171002,20171009
11138,1,1,1,1,1,0,0,20171127,20171201
11141,1,1,1,1,1,0,0,20171102,20171124
11140,1,1,1,1,1,0,0,20171023,20171031
11143,0,0,1,0,0,0,0,20171004,20171122
11142,1,1,1,1,1,0,0,20171002,20171124
2966,1,1,1,1,1,0,0,20170911,20170922
8280,1,1,1,1,1,0,0,20170911,20171006
7621,1,1,1,1,1,0,0,20170925,20171006
7622,1,0,0,0,1,0,0,20170925,20171006
11144,0,1,1,1,1,0,0,20171010,20171013
11145,1,1,0,1,0,0,0,20171009,20171012
1673,1,1,1,1,1,0,0,20171009,20171013
5679,1,1,1,1,0,0,0,20170911,20170928
150,1,1,1,1,1,0,0,20171002,20171020
11146,1,1,1,1,1,0,0,20171023,20171105
3798,1,1,1,1,1,0,0,20171009,20171110
11147,0,0,0,0,0,0,1,20170924,20171126
11148,0,1,1,1,1,0,0,20170905,20171029
11149,1,1,1,1,1,0,0,20171030,20171124
11151,0,0,0,0,1,0,0,20170929,20171022
11150,0,0,0,0,1,1,0,20170929,20171022
11152,1,1,1,1,1,0,0,20170918,20171009
8851,0,0,0,0,0,1,0,20170930,20171022
8868,0,0,0,0,0,1,1,20170930,20171112
971,1,1,1,1,1,0,0,20170904,20170922
11159,1,1,1,1,1,0,0,20171023,20171103
11158,1,1,1,1,1,0,1,20171023,20171103
11166,1,1,1,1,1,0,0,20171023,20171103
11161,1,1,1,1,1,0,0,20171023,20171103
11168,1,1,1,1,1,0,0,20171010,20171027
11167,1,1,0,0,0,0,0,20171030,20171031
11169,1,1,1,1,1,0,0,20171009,20171117
11170,1,1,1,1,1,0,0,20171016,20171103
11176,1,1,1,1,0,0,0,20171002,20171019
11179,1,1,1,1,0,0,0,20170904,20171102
9186,1,1,1,1,0,0,0,20170918,20171012
11182,1,1,1,1,0,0,0,20170904,20171102
5999,1,1,1,1,0,0,0,20171002,20171012
11183,1,1,0,1,1,0,0,20171009,20171103
11193,1,1,1,1,0,0,0,20171023,20171103
11192,1,1,1,1,1,1,0,20171002,20171020
11194,1,1,1,1,1,0,0,20171002,20171103
11199,1,1,1,1,1,0,0,20171023,20171103
11204,1,1,1,1,1,0,0,20170918,20171117
11201,1,1,1,1,1,0,0,20170918,20171022
11205,1,1,1,1,1,0,0,20171023,20171103
11203,0,0,0,0,0,0,1,20171102,20171112
11202,1,1,1,1,1,0,1,20171023,20171031
11210,1,0,0,0,0,0,0,20170904,20170917
11206,0,0,0,0,0,0,1,20171022,20171029
11207,1,1,1,1,0,0,0,20170904,20170907
11215,0,0,0,0,0,1,0,20171016,20171028
9899,0,0,0,0,0,1,1,20171001,20171008
11208,1,1,1,1,0,0,0,20170904,20170907
11214,1,1,1,1,1,0,0,20170904,20170908
11218,1,1,1,1,0,0,0,20170904,20170907
11217,1,1,1,1,1,0,0,20170904,20170908
11220,1,1,1,1,0,0,1,20170903,20171012
11221,1,1,1,1,0,0,0,20170904,20171005
11222,1,0,0,0,0,0,0,20170918,20171002
11223,1,1,1,1,0,0,0,20170904,20171029
9654,1,1,1,1,0,0,0,20170904,20171130
11227,1,1,1,1,0,0,0,20170918,20171019
11225,1,1,1,1,1,0,0,20170918,20170928
11224,0,1,1,1,1,0,0,20170919,20171020
11226,0,0,1,0,0,0,0,20171004,20171011
11231,1,1,1,1,1,0,0,20170911,20170917
11228,1,1,1,1,1,0,0,20170904,20170910
11230,1,1,1,1,0,0,0,20171023,20171102
11233,0,1,1,1,1,0,0,20171024,20171103
454,0,0,0,0,0,1,1,20171028,20171029
6366,1,1,1,1,1,0,0,20170904,20171201
11232,0,1,1,1,1,0,0,20171024,20171103
713,0,0,0,0,0,1,0,20170909,20170923
1714,0,0,0,0,0,0,1,20171008,20171105
794,0,0,0,0,0,1,0,20171007,20171104
846,0,0,0,0,0,1,1,20171007,20171105
11235,1,1,1,1,1,0,0,20170925,20171008
1000,1,1,1,1,1,0,0,20171106,20171201
847,1,1,1,1,1,1,1,20171106,20171202
11240,1,1,1,1,1,0,1,20171106,20171201
723,0,0,0,0,0,1,0,20171111,20171202
9674,0,0,0,0,0,0,1,20171111,20171126
11239,0,0,0,0,1,0,1,20171110,20171201
11238,0,0,0,0,1,1,1,20171110,20171202
3642,0,0,0,0,1,0,1,20170908,20171015
2791,0,0,0,0,0,1,0,20170909,20171014
11246,0,0,0,0,1,1,0,20170908,20171014
8813,1,1,1,1,1,1,1,20170904,20171019
11242,0,0,0,0,0,1,1,20170909,20171015
11241,1,1,1,1,1,1,0,20170904,20171019
2957,0,0,0,0,1,0,0,20170908,20171013
6810,1,0,0,0,0,0,0,20170904,20171016
11250,1,0,0,0,1,1,1,20170908,20171016
11243,1,1,1,1,0,0,0,20170904,20171019
11245,0,1,1,1,1,0,0,20170905,20171019
7915,0,0,0,0,0,0,1,20170910,20171015
11249,1,1,1,1,1,0,0,20170904,20171019
11252,1,1,1,1,1,0,0,20170904,20171110
11266,0,0,1,0,0,0,0,20170906,20171011
9166,0,0,0,0,1,0,0,20170922,20171013
11253,1,1,1,1,0,0,0,20170904,20171130
11254,1,1,1,1,0,0,1,20170903,20171029
11255,1,1,1,1,0,0,1,20170903,20171026
11256,1,1,1,1,1,1,1,20170903,20171202
11257,1,1,1,1,0,0,0,20170911,20171102
11262,0,1,1,0,0,0,0,20170912,20170913
5020,0,0,0,0,1,0,0,20170929,20171013
9233,1,1,1,1,1,1,1,20170918,20171013
9236,0,0,0,0,0,1,1,20170923,20171008
14164,1,1,0,0,0,0,0,20170911,20170919
14165,1,1,0,1,0,0,0,20170904,20170921
