service_id,monday,tuesday,wednesday,thursday,friday,saturday,sunday,start_date,end_date
2303,0,0,0,0,1,0,0,2017/09/08,2017/10/13
2301,0,0,0,0,1,1,1,2017/10/23,2017/12/02
2305,0,0,0,0,0,0,1,2017/09/03,2017/11/26
2307,0,0,0,0,1,0,0,2017/10/23,2017/12/01
2304,0,0,0,0,0,1,0,2017/11/13,2017/12/02
8667,1,1,1,1,0,0,0,2017/09/04,2017/10/08
8668,0,0,0,0,1,0,0,2017/09/08,2017/10/08
2316,0,0,0,0,1,0,0,2017/10/13,2017/11/17
2320,0,0,0,0,0,0,1,2017/10/15,2017/10/22
8678,0,0,0,0,0,0,1,2017/09/03,2017/10/08
2319,0,0,0,0,0,0,1,2017/09/03,2017/10/08
8677,1,1,1,1,1,0,1,2017/09/03,2017/10/08
8626,0,0,0,0,0,1,1,2017/11/25,2017/12/02
8666,0,0,0,0,0,1,1,2017/10/14,2017/11/05
98,0,0,0,0,1,0,0,2017/11/24,2017/12/01
8672,1,1,1,1,1,0,0,2017/09/04,2017/10/08
8671,1,1,1,1,1,1,1,2017/10/09,2017/10/22
2314,0,0,0,0,0,1,0,2017/09/09,2017/10/08
8665,0,0,0,0,0,1,1,2017/09/03,2017/10/08
2313,0,0,0,0,0,1,0,2017/10/14,2017/11/04
8646,1,1,1,1,1,0,1,2017/10/09,2017/10/22
2309,1,1,1,1,1,0,0,2017/11/20,2017/12/01
2321,0,0,0,0,0,0,1,2017/09/03,2017/10/08
2308,1,1,1,1,1,0,0,2017/09/04,2017/09/29
8670,1,1,1,1,1,1,0,2017/10/09,2017/11/17
8635,1,1,1,1,1,1,0,2017/11/20,2017/12/02
8673,1,1,1,1,1,1,1,2017/09/04,2017/10/01
8669,1,1,1,1,1,1,0,2017/09/04,2017/10/10
108,0,0,0,0,1,0,0,2017/09/08,2017/12/01
2312,1,1,1,1,1,0,0,2017/10/09,2017/11/17
2311,1,1,1,1,1,0,0,2017/10/02,2017/10/06
8664,1,1,1,1,1,0,0,2017/09/04,2017/12/01
8640,1,1,1,1,1,0,0,2017/11/02,2017/11/17
2324,1,1,1,1,1,0,0,2017/11/02,2017/11/17
2318,0,0,0,0,0,0,1,2017/10/15,2017/10/22
8676,1,1,1,1,1,0,0,2017/10/02,2017/10/26
8625,1,1,1,1,1,0,0,2017/09/18,2017/09/26
2339,1,1,1,1,0,0,1,2017/10/09,2017/10/26
2326,1,1,1,1,1,0,0,2017/09/04,2017/09/29
2334,1,1,1,1,1,0,0,2017/10/16,2017/10/27
444,0,0,0,1,1,0,0,2017/11/02,2017/11/03
2354,0,0,0,0,1,0,0,2017/09/08,2017/10/27
2315,0,0,0,0,0,1,0,2017/09/09,2017/09/30
2331,1,1,1,1,1,1,0,2017/11/20,2017/12/02
2357,1,1,1,1,0,0,0,2017/11/02,2017/11/30
2356,0,0,0,0,1,0,0,2017/11/03,2017/11/24
2323,1,1,1,1,1,0,0,2017/10/09,2017/10/27
2328,0,0,0,0,0,0,1,2017/10/01,2017/10/08
2327,1,1,1,1,1,1,0,2017/10/02,2017/10/07
2330,1,1,1,1,1,0,0,2017/11/02,2017/11/17
857,0,0,0,0,0,0,1,2017/09/03,2017/09/24
2329,0,0,0,0,0,1,0,2017/10/14,2017/10/28
2335,1,1,1,1,1,1,1,2017/09/03,2017/10/22
2346,0,0,0,0,0,1,0,2017/09/09,2017/12/02
2341,0,0,0,0,1,0,0,2017/10/13,2017/10/27
2342,1,1,1,1,0,0,1,2017/09/03,2017/10/08
2340,0,0,0,0,1,0,0,2017/09/08,2017/09/29
2344,1,1,1,1,1,0,0,2017/11/02,2017/11/17
2345,1,1,1,1,1,0,1,2017/11/20,2017/11/30
2343,1,1,1,1,0,0,0,2017/10/02,2017/10/05
2353,1,1,1,1,0,1,1,2017/09/03,2017/10/26
2348,0,0,0,0,0,0,1,2017/09/10,2017/10/08
8647,0,0,0,0,0,1,0,2017/09/03,2017/10/08
2764,0,0,0,0,0,0,1,2017/09/10,2017/10/08
8650,1,1,1,1,1,1,0,2017/09/04,2017/09/17
8651,1,1,1,1,1,1,0,2017/10/09,2017/10/28
8652,0,0,0,0,1,1,0,2017/12/01,2017/12/02
2428,0,0,0,0,1,0,0,2017/09/08,2017/10/06
8629,0,0,0,0,0,1,1,2017/09/09,2017/10/08
3572,1,1,1,1,0,0,0,2017/09/04,2017/10/05
8628,1,1,1,1,0,0,0,2017/10/09,2017/11/16
97,1,1,1,1,0,0,0,2017/11/20,2017/11/30
8620,1,1,1,1,0,1,0,2017/10/09,2017/10/28
8627,0,0,0,0,0,1,1,2017/11/04,2017/11/05
8633,1,1,1,1,0,1,1,2017/09/04,2017/10/08
8634,1,1,1,1,0,1,1,2017/10/09,2017/10/28
8630,0,0,0,0,0,1,1,2017/10/14,2017/10/28
8632,1,1,1,1,0,0,1,2017/11/20,2017/12/02
8631,1,1,1,1,0,0,0,2017/11/02,2017/11/16
8619,1,1,1,1,0,1,0,2017/11/20,2017/12/02
8654,1,1,1,1,1,1,0,2017/09/18,2017/09/25
8644,1,1,1,1,1,0,1,2017/09/04,2017/10/08
8617,1,1,1,1,0,1,0,2017/09/04,2017/10/07
8618,1,1,1,1,0,0,0,2017/11/02,2017/11/16
514,0,0,0,0,1,0,0,2017/11/03,2017/12/01
8653,1,1,1,1,1,1,0,2017/11/20,2017/11/30
8621,1,1,1,1,1,0,0,2017/09/04,2017/10/08
2332,1,1,1,1,1,0,1,2017/10/09,2017/10/27
8623,1,1,1,1,1,0,1,2017/09/03,2017/10/08
2322,0,0,0,0,1,0,0,2017/09/08,2017/11/24
8622,1,1,1,1,1,0,0,2017/11/01,2017/11/17
2351,1,1,1,1,1,1,1,2017/10/09,2017/11/17
2362,0,0,0,0,0,0,1,2017/09/03,2017/10/08
2333,1,1,1,1,1,1,1,2017/09/03,2017/10/01
2336,0,0,0,0,0,0,1,2017/10/01,2017/10/22
2359,1,1,1,1,0,1,0,2017/09/04,2017/12/02
2350,1,1,1,1,1,1,1,2017/09/03,2017/10/08
2363,0,0,0,0,0,1,0,2017/09/09,2017/10/07
8663,1,1,1,1,1,1,1,2017/09/03,2017/12/02
8637,1,1,1,1,1,1,0,2017/09/04,2017/09/30
8636,1,0,1,1,1,0,0,2017/11/02,2017/11/17
8639,0,0,0,0,0,1,0,2017/10/07,2017/10/10
8638,0,1,1,1,1,1,0,2017/10/09,2017/10/28
3868,1,1,1,1,1,0,0,2017/10/02,2017/10/27
8642,1,1,1,1,1,1,1,2017/09/04,2017/10/08
8624,1,1,1,1,1,0,0,2017/09/04,2017/10/27
8641,1,1,1,1,1,1,1,2017/11/20,2017/12/02
17432,1,1,1,1,1,0,0,2017/09/11,2017/09/15
17433,1,1,1,1,1,0,0,2017/10/02,2017/10/27
17434,1,1,1,1,1,0,0,2017/11/06,2017/11/24
8662,0,0,0,0,0,1,0,2017/09/09,2017/10/08
8661,1,1,1,1,0,0,0,2017/11/27,2017/11/30
715,0,0,0,0,0,0,1,2017/09/10,2017/09/24
8614,1,1,1,1,1,0,0,2017/09/04,2017/10/29
8643,1,1,1,1,1,1,1,2017/09/03,2017/10/22
8649,1,1,1,1,1,0,0,2017/09/04,2017/12/01
86,0,0,0,0,0,1,0,2017/11/25,2017/12/02
246,0,0,0,0,0,1,1,2017/09/16,2017/09/30
2371,0,0,0,0,0,0,1,2017/10/01,2017/10/15
2367,1,1,1,1,1,1,0,2017/09/12,2017/10/20
2372,1,1,1,1,1,1,0,2017/10/21,2017/10/31
2390,0,0,0,0,0,0,1,2017/09/03,2017/09/10
2365,1,1,1,1,1,0,0,2017/10/23,2017/10/31
1318,1,1,1,1,1,0,0,2017/09/04,2017/09/11
17435,0,0,0,0,0,1,1,2017/09/03,2017/09/10
2375,1,1,1,1,1,1,0,2017/09/04,2017/09/11
2364,1,1,1,1,1,0,0,2017/09/12,2017/10/20
2389,0,0,0,0,0,0,1,2017/09/17,2017/10/29
17436,1,1,1,1,1,0,0,2017/10/23,2017/10/31
2403,0,0,0,0,0,1,1,2017/09/16,2017/10/29
17437,1,1,1,1,1,0,0,2017/10/02,2017/10/20
17438,1,1,1,1,1,0,0,2017/09/12,2017/09/29
2402,0,0,0,0,0,1,1,2017/09/03,2017/09/10
17439,1,1,1,1,1,0,0,2017/09/04,2017/09/11
2370,0,0,0,0,0,0,1,2017/10/22,2017/10/29
476,0,0,0,0,0,1,1,2017/09/03,2017/09/10
2369,0,0,0,0,0,1,0,2017/10/07,2017/10/28
2392,0,0,0,0,0,1,0,2017/09/16,2017/10/14
1135,0,0,0,0,0,1,0,2017/10/21,2017/10/28
17440,0,0,0,0,0,1,1,2017/09/16,2017/10/29
2366,1,1,1,1,1,1,0,2017/10/23,2017/12/02
2393,1,1,1,1,1,0,0,2017/11/06,2017/11/17
2397,0,0,0,0,0,1,1,2017/10/21,2017/11/04
2396,0,0,0,0,0,1,1,2017/09/03,2017/09/10
2388,0,0,0,0,0,0,1,2017/09/17,2017/10/15
17441,0,1,1,1,1,0,0,2017/09/05,2017/09/08
17442,0,1,1,1,1,0,0,2017/10/03,2017/10/20
1055,0,0,0,0,0,1,1,2017/11/05,2017/12/02
17443,0,1,1,1,1,0,0,2017/09/12,2017/09/29
2401,0,0,0,0,0,1,1,2017/09/16,2017/10/15
2381,0,0,0,0,0,0,1,2017/09/03,2017/09/10
2405,0,0,0,0,0,1,1,2017/11/05,2017/11/26
17444,1,0,0,0,0,1,0,2017/09/09,2017/10/30
17445,1,0,0,0,0,0,0,2017/09/04,2017/09/11
762,0,0,0,0,0,0,1,2017/11/05,2017/11/26
2406,0,0,0,0,0,1,1,2017/10/21,2017/11/04
2407,0,0,0,0,0,1,1,2017/09/03,2017/09/10
2377,0,0,0,0,0,0,1,2017/11/05,2017/11/26
2378,0,1,1,1,1,0,0,2017/10/24,2017/10/31
2380,1,1,1,1,1,1,0,2017/11/06,2017/12/02
2379,0,0,0,0,0,0,1,2017/10/22,2017/11/01
2478,1,1,1,1,1,1,0,2017/09/04,2017/12/02
2477,1,1,1,1,1,0,0,2017/09/04,2017/12/01
203,1,1,1,1,1,0,0,2017/09/04,2017/12/01
17446,0,0,0,0,0,1,0,2017/09/16,2017/10/28
2520,1,1,1,1,1,0,0,2017/09/18,2017/10/31
17447,1,1,1,1,1,0,0,2017/09/04,2017/09/14
55,0,0,0,0,0,0,1,2017/09/03,2017/09/10
2519,1,1,1,1,1,0,0,2017/09/04,2017/09/15
2532,1,1,1,1,1,1,1,2017/09/16,2017/10/31
2523,0,0,0,0,0,1,0,2017/09/16,2017/10/28
2524,1,1,1,1,1,0,0,2017/09/04,2017/09/15
2525,1,1,1,1,1,0,0,2017/09/18,2017/10/08
17449,0,1,1,1,0,0,0,2017/09/12,2017/09/14
17450,1,1,1,1,1,0,0,2017/09/15,2017/10/31
17451,1,1,1,1,1,0,0,2017/09/18,2017/10/08
1603,0,1,1,1,1,0,0,2017/09/12,2017/09/15
477,1,1,1,1,1,0,0,2017/09/04,2017/09/11
2521,1,1,1,1,1,0,0,2017/09/12,2017/10/31
2526,1,1,1,1,1,1,0,2017/09/04,2017/09/11
2528,1,1,1,1,1,1,0,2017/09/16,2017/10/31
2529,1,1,1,1,1,1,0,2017/09/12,2017/10/31
17452,1,1,1,1,1,0,0,2017/10/09,2017/10/27
2619,1,1,1,1,1,1,1,2017/09/03,2017/12/02
2620,1,1,1,1,1,1,1,2017/09/03,2017/12/02
2613,0,0,0,0,0,1,1,2017/09/03,2017/12/02
2590,0,0,0,0,0,1,0,2017/09/09,2017/12/02
3244,0,0,0,0,1,0,0,2017/10/06,2017/11/17
3162,0,0,0,0,0,1,0,2017/10/07,2017/11/18
3242,0,0,0,0,1,0,0,2017/10/06,2017/12/01
3193,1,0,0,0,0,0,0,2017/09/11,2017/10/16
3241,0,0,0,0,1,0,0,2017/09/08,2017/09/29
241,0,0,0,0,1,0,0,2017/09/15,2017/09/29
3243,0,0,0,0,0,0,1,2017/10/08,2017/11/19
3215,1,1,1,1,1,1,1,2017/10/02,2017/12/01
3216,1,1,1,1,1,0,1,2017/09/03,2017/10/01
3188,1,1,1,1,1,0,0,2017/10/02,2017/12/01
3154,1,1,1,1,1,0,0,2017/09/04,2017/09/29
3214,1,1,1,1,1,0,0,2017/10/02,2017/12/01
3202,1,1,1,1,1,0,0,2017/09/04,2017/09/29
3189,0,0,0,0,0,1,0,2017/10/07,2017/11/18
3180,1,1,1,1,1,0,0,2017/09/04,2017/09/30
1831,1,1,1,1,1,0,0,2017/10/02,2017/12/01
3182,1,1,1,1,1,1,0,2017/10/02,2017/12/01
3159,1,1,1,1,1,0,0,2017/09/04,2017/09/29
3228,1,1,1,1,1,1,1,2017/10/02,2017/12/01
3230,1,1,1,1,1,0,1,2017/09/03,2017/10/01
2236,1,1,1,1,1,0,0,2017/09/25,2017/09/29
3173,1,1,1,1,1,0,0,2017/09/04,2017/09/22
3223,0,0,0,0,1,0,0,2017/10/06,2017/12/01
3168,0,0,0,0,0,1,1,2017/10/07,2017/11/19
3196,0,1,1,1,1,0,0,2017/09/03,2017/10/01
3160,1,1,1,1,1,0,0,2017/10/02,2017/12/01
3184,1,1,1,1,0,0,0,2017/09/04,2017/09/28
3218,0,0,0,0,0,0,1,2017/10/08,2017/11/19
3237,0,0,0,0,0,0,1,2017/09/03,2017/09/10
3203,1,1,1,1,1,0,0,2017/10/02,2017/12/01
3236,1,1,1,1,0,0,0,2017/10/02,2017/11/30
3194,1,1,1,1,1,1,1,2017/10/30,2017/12/01
3177,1,1,1,1,1,0,0,2017/10/02,2017/12/01
3103,1,1,1,1,0,0,0,2017/09/04,2017/09/28
3221,1,1,1,1,0,0,0,2017/10/02,2017/11/30
3186,0,0,0,0,1,0,0,2017/10/30,2017/12/01
3192,0,0,0,0,0,0,1,2017/10/08,2017/11/19
3179,1,1,1,1,1,1,1,2017/10/02,2017/12/01
3172,1,1,1,1,1,0,0,2017/10/02,2017/12/01
3165,0,0,0,0,0,1,0,2017/10/07,2017/12/02
3185,0,0,0,0,0,1,0,2017/10/07,2017/11/18
3187,1,1,1,1,1,1,0,2017/10/02,2017/12/02
3156,1,1,1,1,1,0,0,2017/10/02,2017/12/01
3226,1,1,1,1,1,0,1,2017/09/03,2017/10/01
3224,1,1,1,1,1,0,1,2017/10/02,2017/12/01
3210,1,1,1,1,1,1,1,2017/10/02,2017/12/01
3208,1,1,1,1,1,1,1,2017/09/03,2017/09/10
3232,1,1,1,1,1,0,1,2017/10/02,2017/12/01
3227,1,1,1,1,1,1,1,2017/10/02,2017/12/01
3235,0,0,0,0,0,0,1,2017/09/03,2017/09/10
3238,0,0,0,0,0,0,1,2017/10/28,2017/11/05
3234,0,0,0,0,0,0,1,2017/10/08,2017/11/19
3222,1,1,1,1,1,1,1,2017/10/02,2017/12/01
3205,1,1,1,1,1,0,0,2017/10/02,2017/12/01
3199,1,1,1,1,1,1,0,2017/10/02,2017/12/01
3200,1,1,1,1,1,0,0,2017/09/04,2017/09/30
3219,0,0,0,0,0,0,1,2017/09/03,2017/10/01
3213,0,0,0,0,1,0,0,2017/09/08,2017/12/01
8,1,1,1,1,1,1,1,2017/09/03,2017/12/02
3303,0,0,0,0,0,1,1,2017/09/30,2017/10/08
3247,1,1,1,1,1,0,0,2017/10/23,2017/12/01
3313,0,0,0,0,0,1,1,2017/10/23,2017/11/19
3317,1,1,1,1,1,0,0,2017/09/11,2017/09/24
3309,1,1,1,1,1,0,0,2017/10/23,2017/12/01
3245,1,1,1,1,1,0,0,2017/09/11,2017/10/20
3319,0,0,0,0,0,1,1,2017/10/09,2017/10/22
378,0,0,0,0,0,1,0,2017/09/16,2017/09/23
3318,1,1,1,1,1,1,1,2017/10/23,2017/12/01
17453,1,1,1,1,1,0,0,2017/10/23,2017/12/01
1636,0,0,0,0,0,1,1,2017/10/14,2017/10/22
17454,1,1,1,1,1,0,0,2017/10/23,2017/12/01
3299,0,0,0,0,0,1,0,2017/09/30,2017/10/07
3296,1,1,1,1,1,0,0,2017/10/30,2017/12/01
355,0,0,0,0,0,1,0,2017/10/14,2017/10/21
3321,0,0,0,0,1,0,0,2017/09/22,2017/10/20
3258,0,0,0,0,1,0,0,2017/10/23,2017/12/01
3257,0,0,0,0,1,0,0,2017/09/15,2017/10/20
3320,1,1,1,1,1,1,1,2017/10/23,2017/12/01
17456,0,0,0,0,1,0,0,2017/10/23,2017/12/01
17457,1,0,0,0,0,0,0,2017/10/23,2017/11/20
3291,0,0,0,0,0,0,1,2017/10/09,2017/10/22
3290,1,1,1,1,1,0,1,2017/10/23,2017/12/01
3293,1,0,0,0,0,0,0,2017/10/02,2017/10/16
1417,0,1,1,1,1,0,0,2017/09/05,2017/09/08
3269,1,1,1,1,1,0,0,2017/10/30,2017/12/01
3284,0,0,0,0,0,1,1,2017/10/23,2017/11/19
3274,0,0,0,0,0,1,1,2017/09/24,2017/10/22
3267,0,1,1,1,1,0,0,2017/09/12,2017/10/20
3280,1,1,1,1,1,0,0,2017/10/23,2017/12/01
17458,1,1,1,1,1,0,0,2017/10/23,2017/12/01
17459,0,0,0,0,0,1,1,2017/10/23,2017/11/19
3253,0,0,0,0,0,1,1,2017/09/30,2017/10/22
3259,1,1,1,1,1,0,0,2017/10/23,2017/12/01
248,1,1,1,1,1,0,0,2017/09/11,2017/09/29
3289,1,1,1,1,1,0,1,2017/10/01,2017/10/20
3264,0,0,0,0,0,1,0,2017/09/30,2017/10/21
17463,1,1,1,1,1,0,0,2017/10/30,2017/12/01
3305,1,1,1,1,1,1,1,2017/10/23,2017/12/01
3301,1,1,1,1,1,1,1,2017/10/30,2017/12/01
3271,0,0,0,0,0,0,1,2017/09/24,2017/10/22
3298,1,1,1,1,1,1,0,2017/10/23,2017/12/01
3311,0,0,0,0,0,1,1,2017/10/23,2017/11/19
3314,1,1,1,1,1,1,1,2017/10/23,2017/12/01
3251,1,1,1,1,1,1,1,2017/09/11,2017/10/22
3270,0,0,0,0,0,0,1,2017/10/23,2017/11/19
3316,0,0,0,0,0,0,1,2017/09/17,2017/10/22
17464,0,0,0,0,0,1,1,2017/10/23,2017/11/19
3262,1,1,1,1,1,1,1,2017/09/11,2017/10/22
17465,1,1,1,1,1,0,0,2017/10/23,2017/12/01
3276,1,1,1,1,1,0,0,2017/09/18,2017/10/20
3254,1,1,1,1,0,1,0,2017/10/23,2017/11/30
3255,1,1,1,1,0,1,0,2017/09/25,2017/10/21
3287,0,0,0,0,0,0,1,2017/10/23,2017/11/19
3250,1,1,1,1,1,1,1,2017/10/30,2017/12/01
3277,1,1,1,1,1,0,0,2017/10/30,2017/12/01
3281,1,1,1,1,1,0,0,2017/09/04,2017/09/15
3261,1,1,1,1,1,1,1,2017/10/23,2017/12/01
1513,1,1,1,1,1,0,0,2017/09/11,2017/09/15
3326,0,0,0,0,0,0,1,2017/09/03,2017/09/10
470,0,0,0,0,0,0,1,2017/09/03,2017/09/10
3323,1,1,1,1,1,0,0,2017/10/30,2017/12/01
3328,0,1,1,1,1,1,0,2017/09/05,2017/12/02
3348,1,1,1,1,1,1,1,2017/09/03,2017/10/14
3347,1,1,1,1,1,1,1,2017/10/15,2017/12/02
3333,0,0,0,0,0,1,0,2017/11/13,2017/12/02
3329,1,1,1,1,1,0,0,2017/10/16,2017/12/01
3338,0,0,0,0,0,0,1,2017/10/30,2017/11/26
17467,1,1,1,1,1,1,1,2017/09/03,2017/10/14
17468,0,0,0,0,0,0,1,2017/11/01,2017/11/26
17469,1,1,1,1,1,0,0,2017/09/04,2017/10/13
17470,0,0,0,0,0,1,0,2017/11/13,2017/12/02
17471,0,0,0,0,1,0,0,2017/09/08,2017/10/13
17472,0,0,0,0,0,0,1,2017/10/01,2017/10/08
3355,0,0,0,0,0,1,1,2017/09/03,2017/10/14
3358,0,0,0,0,0,0,1,2017/10/15,2017/11/26
3364,0,0,0,0,0,1,1,2017/10/15,2017/12/02
17473,0,0,0,0,1,0,0,2017/09/08,2017/10/13
17474,0,0,0,0,0,1,1,2017/09/03,2017/10/14
3352,0,0,0,0,1,0,0,2017/10/20,2017/12/01
1891,1,1,1,1,1,0,0,2017/09/04,2017/10/13
17475,1,1,1,1,1,0,0,2017/09/04,2017/10/13
17476,0,0,0,0,0,1,1,2017/09/03,2017/09/24
17477,0,0,0,0,0,0,1,2017/10/15,2017/10/22
17479,0,0,0,0,0,0,1,2017/09/03,2017/10/08
3342,0,0,0,0,0,1,1,2017/10/30,2017/12/02
17480,1,1,1,1,1,1,1,2017/09/03,2017/10/14
3365,1,1,1,1,0,0,0,2017/10/16,2017/11/30
17481,0,0,0,0,0,0,1,2017/09/03,2017/10/08
17482,0,0,0,0,0,0,1,2017/09/03,2017/10/08
17483,1,1,1,1,1,1,0,2017/09/04,2017/10/14
17484,1,1,1,1,1,1,1,2017/09/03,2017/10/14
17485,0,0,0,0,0,0,1,2017/09/03,2017/10/08
17486,1,1,1,1,1,1,1,2017/09/03,2017/10/14
17487,0,0,0,0,0,0,1,2017/09/03,2017/10/08
17488,0,0,0,0,0,1,0,2017/09/09,2017/10/14
17489,1,1,1,1,1,0,0,2017/09/04,2017/10/13
9733,0,0,0,0,0,0,1,2017/09/03,2017/09/10
3390,0,0,0,0,1,1,1,2017/10/20,2017/12/02
3394,0,0,0,0,1,0,0,2017/09/08,2017/09/15
3396,0,0,0,0,1,1,1,2017/09/09,2017/10/15
1534,1,1,1,1,1,1,1,2017/10/16,2017/12/02
3398,0,0,0,0,0,0,1,2017/10/22,2017/11/26
3397,0,0,0,0,0,0,1,2017/09/03,2017/10/15
3393,1,1,1,1,0,0,0,2017/11/13,2017/11/16
2136,1,1,0,0,0,0,0,2017/09/11,2017/09/12
110,0,0,0,0,0,0,1,2017/09/03,2017/09/04
2438,1,1,1,1,0,0,0,2017/09/11,2017/10/05
3463,1,1,1,1,0,0,0,2017/10/16,2017/10/19
3469,1,1,1,1,1,1,1,2017/09/18,2017/09/24
1602,1,1,1,1,1,1,1,2017/10/09,2017/10/15
3464,0,1,1,0,0,0,0,2017/09/05,2017/09/06
3465,1,1,1,1,1,0,0,2017/10/20,2017/12/01
3388,1,0,0,1,0,0,0,2017/10/30,2017/11/02
3453,1,1,1,1,1,1,1,2017/10/02,2017/10/15
3462,0,0,0,0,1,0,0,2017/09/07,2017/10/06
3389,1,1,1,1,0,0,0,2017/09/05,2017/10/26
3379,1,1,1,1,0,0,0,2017/09/04,2017/11/02
3386,1,1,1,1,0,0,0,2017/11/20,2017/11/30
3381,0,0,0,0,0,0,1,2017/09/03,2017/11/26
3380,1,1,1,1,1,0,0,2017/10/20,2017/12/01
2262,1,1,1,1,0,0,0,2017/10/09,2017/10/12
3415,0,0,0,0,1,0,0,2017/09/29,2017/10/06
3414,0,0,0,0,0,1,1,2017/10/21,2017/12/02
3410,0,0,0,0,1,0,0,2017/09/08,2017/09/24
3404,0,0,0,0,1,0,0,2017/10/20,2017/12/01
3405,0,0,0,0,0,0,1,2017/09/25,2017/10/01
3412,1,1,1,1,0,0,0,2017/10/02,2017/10/26
3406,1,1,1,1,0,0,0,2017/11/20,2017/11/30
3407,0,0,0,0,0,1,1,2017/09/03,2017/10/15
3456,1,1,1,1,1,1,1,2017/09/04,2017/10/15
3411,1,1,1,1,0,0,0,2017/09/05,2017/09/28
3433,1,1,1,1,0,0,0,2017/10/16,2017/10/30
3431,0,0,0,0,0,1,1,2017/09/18,2017/09/29
3372,1,1,1,1,1,1,0,2017/09/05,2017/10/14
1820,1,1,1,1,1,1,0,2017/10/16,2017/12/02
3432,0,0,0,0,1,0,0,2017/09/15,2017/09/24
3438,1,1,1,1,0,0,0,2017/11/13,2017/11/16
3439,0,1,1,1,0,0,0,2017/11/20,2017/11/30
3437,0,0,1,1,0,0,0,2017/11/01,2017/11/02
3429,1,1,1,1,0,0,0,2017/09/11,2017/09/21
3440,0,0,0,0,1,1,1,2017/11/03,2017/11/26
3442,0,0,0,0,1,1,0,2017/12/01,2017/12/02
3435,0,0,0,0,1,1,0,2017/10/20,2017/10/28
3468,1,1,1,1,1,0,1,2017/11/01,2017/12/01
3455,0,0,0,0,0,0,1,2017/09/10,2017/10/29
3460,0,0,0,0,0,1,1,2017/09/03,2017/12/02
3371,1,1,1,1,1,0,0,2017/10/23,2017/12/01
3466,1,1,1,1,1,0,1,2017/09/05,2017/10/19
3370,1,0,0,0,0,0,0,2017/09/05,2017/09/25
2383,0,1,1,1,1,0,0,2017/10/03,2017/10/20
2384,0,1,1,1,1,0,0,2017/09/12,2017/09/29
3376,0,0,0,0,0,0,1,2017/09/10,2017/11/26
3467,1,1,1,1,1,0,1,2017/10/20,2017/10/31
1332,0,0,0,0,0,0,1,2017/09/03,2017/09/04
3470,0,0,0,0,0,1,0,2017/09/09,2017/12/02
3385,1,1,1,1,1,1,0,2017/11/01,2017/12/02
2125,1,1,1,1,1,1,0,2017/09/05,2017/12/02
3383,1,1,1,1,1,1,0,2017/09/05,2017/10/19
3384,1,1,1,1,1,1,0,2017/10/20,2017/10/31
3448,1,1,1,1,1,0,0,2017/10/20,2017/10/31
3450,1,1,1,1,0,0,0,2017/11/13,2017/11/23
3416,0,0,0,0,0,0,1,2017/10/02,2017/10/15
3449,1,1,1,1,1,0,0,2017/11/02,2017/11/12
3400,1,1,1,1,1,0,0,2017/11/06,2017/11/30
3457,1,1,1,1,1,0,0,2017/09/04,2017/12/01
17490,0,0,0,0,0,1,0,2017/09/09,2017/12/02
17491,1,1,1,1,1,0,0,2017/09/05,2017/09/29
17492,1,1,1,1,1,1,0,2017/10/02,2017/10/19
3401,0,0,0,0,0,1,0,2017/11/13,2017/11/25
3399,1,1,1,1,1,1,0,2017/09/05,2017/10/19
3454,0,0,0,0,0,0,1,2017/09/10,2017/10/15
3471,1,1,1,1,0,0,0,2017/09/05,2017/10/12
3476,0,0,0,0,1,0,0,2017/10/20,2017/10/27
3473,0,0,0,0,1,1,1,2017/10/02,2017/10/13
3426,1,1,1,1,1,0,0,2017/10/02,2017/10/08
3472,1,1,1,1,0,0,0,2017/10/16,2017/10/31
3474,0,0,0,0,0,1,1,2017/10/15,2017/10/29
395,1,1,1,1,1,0,0,2017/09/04,2017/09/08
3417,0,0,1,0,1,0,0,2017/11/29,2017/12/01
3480,0,0,0,0,1,1,0,2017/11/01,2017/12/02
3418,0,0,0,0,0,1,0,2017/10/02,2017/10/14
3477,0,0,0,0,0,0,1,2017/11/05,2017/11/26
3425,0,0,0,0,0,1,0,2017/10/21,2017/12/02
3420,1,1,1,1,1,0,0,2017/09/13,2017/09/22
3423,1,1,1,1,1,0,0,2017/10/09,2017/10/31
3478,1,1,1,1,0,0,0,2017/11/06,2017/11/30
3505,1,1,1,1,0,0,0,2017/09/04,2017/11/30
3502,1,1,1,1,0,0,0,2017/09/18,2017/09/28
3503,1,1,1,1,0,0,0,2017/09/04,2017/10/19
3504,1,1,1,1,0,0,0,2017/11/06,2017/11/30
3481,1,1,1,1,1,1,1,2017/09/05,2017/10/15
3483,1,1,1,1,1,1,1,2017/10/20,2017/12/02
3482,1,1,1,1,0,0,0,2017/09/18,2017/10/05
3485,1,1,0,1,0,0,0,2017/10/30,2017/11/02
3484,1,1,0,0,0,0,0,2017/10/23,2017/10/24
3486,0,0,0,0,0,1,1,2017/09/09,2017/11/26
3487,1,1,1,1,1,0,0,2017/09/04,2017/12/01
2726,0,0,0,0,0,0,1,2017/11/19,2017/11/26
3573,0,0,0,0,1,0,0,2017/10/09,2017/11/05
3494,1,1,1,1,0,0,0,2017/10/23,2017/11/02
3574,0,0,0,0,0,1,0,2017/10/30,2017/12/02
3490,0,0,0,0,0,0,1,2017/09/17,2017/10/08
2895,0,0,0,0,0,1,0,2017/10/28,2017/11/04
3492,0,0,0,0,0,0,1,2017/09/17,2017/10/08
3570,1,1,1,1,0,0,0,2017/10/23,2017/10/26
3571,0,0,0,0,1,0,0,2017/10/23,2017/12/01
818,0,0,0,0,1,0,0,2017/09/22,2017/09/29
1869,0,0,0,0,1,0,0,2017/10/06,2017/12/01
3495,1,1,1,1,0,0,0,2017/10/23,2017/11/02
17495,0,0,0,0,0,1,1,2017/09/18,2017/09/24
3497,0,0,0,0,0,1,0,2017/11/06,2017/12/02
3506,1,1,1,1,0,0,0,2017/09/04,2017/10/12
3508,0,0,0,0,1,0,0,2017/09/08,2017/09/24
8739,1,1,1,1,1,1,0,2017/09/04,2017/12/02
3522,1,1,0,1,0,1,1,2017/09/03,2017/10/29
357,1,1,1,1,1,1,1,2017/09/03,2017/12/02
3513,1,1,1,1,1,1,1,2017/09/04,2017/12/02
3519,0,0,0,0,1,0,1,2017/10/31,2017/12/01
3516,0,0,1,0,1,0,0,2017/09/06,2017/10/29
8738,1,1,1,1,1,0,1,2017/09/03,2017/12/01
3534,0,1,0,1,0,0,0,2017/09/05,2017/11/05
3532,1,0,1,0,1,1,1,2017/09/04,2017/10/29
699,1,1,1,1,1,1,1,2017/09/04,2017/10/29
3539,0,0,0,0,0,1,0,2017/11/13,2017/12/02
3540,1,1,1,1,1,1,0,2017/09/04,2017/10/29
3543,0,0,0,0,0,0,1,2017/09/10,2017/10/29
3526,0,1,1,1,1,1,1,2017/10/31,2017/12/02
3529,1,0,0,0,0,0,0,2017/10/30,2017/11/27
3558,1,1,1,1,0,0,1,2017/10/16,2017/11/30
3547,1,1,1,1,1,1,0,2017/11/07,2017/12/02
3565,0,0,0,0,1,0,1,2017/09/03,2017/10/15
3554,0,0,0,0,0,1,1,2017/09/03,2017/10/15
3557,1,1,1,1,0,0,1,2017/09/03,2017/10/15
3545,1,1,1,1,1,1,0,2017/10/16,2017/11/06
3566,0,0,0,0,1,0,0,2017/10/20,2017/12/01
3560,0,0,0,0,1,0,0,2017/09/08,2017/10/13
3546,1,1,1,1,1,1,0,2017/09/04,2017/10/14
3551,1,1,1,1,1,0,0,2017/09/11,2017/09/24
3563,0,0,1,0,0,0,1,2017/10/16,2017/10/30
3564,1,1,1,1,1,1,1,2017/10/17,2017/12/02
17496,1,1,1,1,1,1,1,2017/09/03,2017/10/15
3550,0,0,1,1,0,0,0,2017/10/18,2017/10/19
3552,1,1,1,1,1,1,1,2017/10/16,2017/11/05
17497,0,0,0,0,0,1,1,2017/09/03,2017/10/15
17498,0,0,0,0,0,0,1,2017/09/25,2017/10/01
3559,1,1,1,1,1,1,0,2017/09/04,2017/12/02
214,1,1,1,1,1,1,0,2017/09/04,2017/12/02
17501,0,0,0,0,0,0,1,2017/09/03,2017/11/26
3562,0,0,0,0,0,0,1,2017/09/03,2017/11/26
17503,1,1,1,1,1,1,1,2017/09/03,2017/12/02
3548,1,0,0,0,1,0,0,2017/10/20,2017/10/27
17504,0,0,0,0,0,0,1,2017/09/03,2017/11/26
17505,0,0,1,1,0,0,0,2017/10/18,2017/10/19
17506,0,0,0,0,0,0,1,2017/09/25,2017/10/01
3556,0,0,0,0,1,0,0,2017/11/10,2017/11/24
17508,0,0,0,0,0,1,1,2017/09/03,2017/12/02
17509,1,1,1,1,1,0,0,2017/09/04,2017/12/01
2174,0,0,0,0,0,0,1,2017/09/03,2017/11/26
17511,0,0,0,0,0,0,1,2017/10/02,2017/10/15
3581,0,0,0,0,0,0,1,2017/10/22,2017/11/26
3578,0,0,0,0,0,1,0,2017/10/21,2017/11/25
886,0,0,0,0,0,1,0,2017/09/09,2017/10/14
3580,1,0,0,0,1,0,0,2017/09/04,2017/10/13
3579,1,0,0,0,1,0,0,2017/10/16,2017/12/01
3577,1,0,0,0,1,1,1,2017/09/18,2017/12/02
3576,1,0,0,0,1,1,1,2017/09/03,2017/09/17
3589,0,0,0,0,0,1,0,2017/11/04,2017/11/18
2487,0,0,0,0,0,1,0,2017/11/20,2017/12/02
3590,0,0,0,0,0,0,1,2017/09/03,2017/10/15
3586,0,0,0,0,0,0,1,2017/11/12,2017/11/26
3587,0,0,0,0,0,1,0,2017/11/04,2017/11/25
3585,0,0,0,0,0,0,1,2017/09/03,2017/11/05
17512,0,0,0,0,1,1,1,2017/09/03,2017/12/02
3602,1,1,1,1,0,0,0,2017/09/04,2017/11/30
3599,1,1,1,1,1,1,0,2017/09/04,2017/12/02
513,0,0,0,0,0,1,0,2017/11/04,2017/12/02
3591,0,0,0,0,0,1,0,2017/09/09,2017/10/28
3592,0,0,0,0,0,0,1,2017/09/03,2017/11/26
3977,0,0,0,0,1,0,1,2017/09/03,2017/12/01
732,1,1,1,1,1,0,0,2017/09/04,2017/12/01
17513,0,0,0,0,0,1,0,2017/10/14,2017/10/21
17514,1,1,1,1,1,1,0,2017/09/04,2017/12/02
204,0,0,0,0,0,1,1,2017/09/03,2017/12/02
206,1,1,1,1,1,0,0,2017/09/04,2017/12/01
3595,0,0,0,0,0,1,0,2017/09/30,2017/11/11
3598,0,0,0,0,1,0,0,2017/09/29,2017/11/17
3603,1,1,1,1,1,1,1,2017/09/04,2017/12/02
3609,1,1,1,1,1,1,1,2017/10/16,2017/12/02
1544,1,1,1,1,1,1,1,2017/09/03,2017/09/24
17515,1,1,1,1,1,1,1,2017/09/03,2017/10/15
17516,1,1,1,1,1,1,1,2017/09/25,2017/10/15
3606,1,1,1,1,1,1,1,2017/09/03,2017/10/15
3638,1,1,1,1,1,1,1,2017/10/16,2017/12/02
3635,0,0,0,0,1,0,1,2017/10/20,2017/12/01
3632,0,0,0,0,1,0,1,2017/09/03,2017/10/15
3637,1,1,1,0,0,0,0,2017/11/13,2017/11/15
17519,1,1,1,1,0,0,0,2017/09/04,2017/10/12
17521,1,1,1,1,0,0,0,2017/10/16,2017/11/30
3626,0,0,0,0,1,1,1,2017/09/03,2017/10/15
3624,1,1,1,1,1,1,1,2017/09/30,2017/10/15
17524,1,1,1,1,1,1,1,2017/09/03,2017/10/15
17525,0,0,0,0,1,1,1,2017/10/20,2017/12/02
17527,1,1,1,1,1,1,1,2017/09/25,2017/10/27
3649,1,1,1,1,1,1,1,2017/10/30,2017/12/02
3026,0,0,0,0,0,1,1,2017/09/30,2017/10/01
3124,1,1,1,1,1,1,1,2017/09/03,2017/09/29
3647,0,0,0,0,1,1,0,2017/12/01,2017/12/02
3645,1,1,1,1,1,1,1,2017/10/02,2017/11/30
3653,1,1,1,1,1,1,1,2017/09/03,2017/12/02
3659,1,1,1,1,1,1,1,2017/10/16,2017/12/02
3664,0,0,0,0,1,0,0,2017/10/20,2017/12/01
3665,0,0,0,0,0,0,1,2017/10/22,2017/11/26
17529,1,1,1,1,1,1,1,2017/09/03,2017/12/02
17530,0,1,1,1,1,0,0,2017/10/10,2017/10/20
3677,0,1,1,1,1,0,0,2017/10/17,2017/11/30
3672,1,0,0,0,0,1,1,2017/09/03,2017/10/15
3668,0,1,1,1,1,0,0,2017/09/05,2017/10/13
3666,1,0,0,0,0,1,1,2017/10/16,2017/12/02
4322,0,0,0,0,1,0,1,2017/09/03,2017/12/01
4321,0,0,0,0,1,0,1,2017/09/03,2017/12/01
353,1,1,1,1,0,0,0,2017/09/11,2017/09/14
4338,1,1,1,1,0,0,0,2017/09/08,2017/09/14
4337,1,1,1,0,0,0,0,2017/10/23,2017/10/25
3764,0,1,1,1,0,0,0,2017/09/19,2017/09/21
4334,1,1,1,1,1,0,0,2017/10/16,2017/10/20
1641,0,0,0,0,0,1,1,2017/10/21,2017/10/22
734,1,1,0,0,0,0,0,2017/09/04,2017/09/05
4332,0,0,0,0,0,1,0,2017/11/04,2017/11/30
766,0,0,0,0,0,0,1,2017/09/10,2017/09/17
4335,0,0,0,0,1,1,0,2017/12/01,2017/12/02
4328,1,1,1,1,1,0,0,2017/11/13,2017/11/17
4343,0,0,0,0,1,1,0,2017/12/01,2017/12/02
4348,0,0,0,0,0,0,1,2017/11/11,2017/11/19
4341,1,1,1,1,1,1,0,2017/11/06,2017/11/23
4340,1,1,1,0,0,0,0,2017/11/24,2017/11/29
452,1,1,0,0,0,0,0,2017/10/30,2017/10/31
4339,0,0,0,0,1,1,0,2017/10/20,2017/10/21
445,1,1,1,1,1,0,0,2017/11/06,2017/11/10
4330,0,0,0,0,0,1,1,2017/11/11,2017/11/29
4325,1,1,1,1,1,0,0,2017/09/25,2017/10/08
3910,0,0,1,1,1,0,0,2017/11/01,2017/11/03
17531,0,0,0,1,1,1,0,2017/10/21,2017/11/05
17533,0,0,0,0,0,0,1,2017/10/22,2017/11/11
17534,1,1,1,1,1,1,0,2017/11/27,2017/12/02
1596,0,0,0,1,1,0,0,2017/09/28,2017/09/29
3772,1,1,1,0,0,0,0,2017/09/25,2017/09/27
4331,1,1,1,1,1,1,0,2017/10/02,2017/10/13
1585,1,1,1,1,0,0,0,2017/09/04,2017/11/30
4378,1,1,1,1,0,0,0,2017/09/11,2017/11/30
4355,1,1,1,1,1,0,1,2017/09/03,2017/12/01
4356,0,0,0,0,0,1,0,2017/09/09,2017/12/02
4360,0,0,0,0,1,1,0,2017/09/08,2017/12/02
4377,0,0,0,0,0,1,1,2017/09/03,2017/12/02
40,0,0,0,0,0,0,1,2017/09/03,2017/11/26
4366,1,1,1,1,0,0,0,2017/09/04,2017/10/23
4367,0,0,0,0,1,0,0,2017/09/08,2017/10/20
4352,1,1,1,1,1,0,0,2017/09/04,2017/10/23
4351,1,1,1,1,1,0,0,2017/10/24,2017/12/01
4361,0,0,0,0,0,1,1,2017/11/18,2017/11/19
4374,1,1,1,1,0,0,0,2017/11/01,2017/11/16
4371,1,1,1,1,0,0,0,2017/10/23,2017/10/31
4349,1,1,1,1,1,0,0,2017/10/24,2017/12/01
4369,0,0,0,0,0,0,1,2017/10/29,2017/11/26
1453,0,0,0,0,0,0,1,2017/09/03,2017/10/22
4363,0,0,0,0,0,1,1,2017/10/28,2017/11/12
4365,1,1,1,1,0,0,0,2017/10/24,2017/11/30
4373,1,1,1,1,0,0,0,2017/09/04,2017/10/19
4350,1,1,1,1,1,0,0,2017/09/04,2017/10/23
4370,0,0,0,0,0,1,0,2017/10/28,2017/11/12
3139,0,0,0,0,1,0,0,2017/10/27,2017/12/01
4364,0,0,0,0,0,1,1,2017/09/03,2017/10/22
3904,0,0,0,0,0,1,0,2017/10/28,2017/11/11
4357,0,0,0,0,0,1,0,2017/09/16,2017/10/22
4375,0,0,0,0,1,1,0,2017/09/08,2017/10/21
4358,1,1,1,1,1,0,0,2017/09/04,2017/10/23
4387,1,1,1,1,1,1,1,2017/09/03,2017/12/02
2229,1,1,1,1,1,0,0,2017/09/04,2017/12/01
4400,1,1,1,1,0,0,0,2017/09/04,2017/09/07
4384,1,1,1,1,1,1,0,2017/09/04,2017/12/02
4402,1,1,1,1,0,1,1,2017/09/03,2017/12/02
4395,0,0,0,0,0,0,1,2017/09/03,2017/11/26
1775,1,1,1,1,1,1,1,2017/09/03,2017/12/02
4406,0,0,0,0,0,1,1,2017/09/03,2017/11/26
4407,1,1,1,1,1,0,0,2017/09/04,2017/10/20
4411,1,1,1,1,0,0,0,2017/11/20,2017/11/30
4410,1,1,1,1,0,0,0,2017/11/02,2017/11/17
4394,1,1,1,1,1,1,1,2017/09/03,2017/12/02
4392,0,0,0,0,0,0,1,2017/09/03,2017/11/26
4403,0,0,0,0,0,0,1,2017/09/03,2017/11/26
4398,0,0,0,0,0,0,1,2017/10/23,2017/11/19
4399,1,1,1,1,0,0,0,2017/11/01,2017/11/17
4382,0,1,1,1,1,0,0,2017/09/05,2017/12/01
4381,1,0,0,0,0,0,0,2017/09/04,2017/11/27
4389,0,0,0,0,0,1,0,2017/09/09,2017/12/02
4390,1,1,1,1,1,1,1,2017/09/03,2017/12/02
11264,1,1,1,1,1,0,0,2017/09/25,2017/10/13
11265,0,0,1,0,1,0,0,2017/09/27,2017/10/13
8687,1,1,1,1,1,0,0,2017/09/04,2017/10/31
8683,1,1,1,1,1,1,0,2017/09/04,2017/09/11
5980,0,0,0,0,0,0,1,2017/09/03,2017/09/10
8690,0,0,0,0,0,1,1,2017/09/03,2017/09/10
1312,1,1,1,1,1,1,1,2017/09/12,2017/12/02
8679,1,1,1,1,1,0,0,2017/09/12,2017/12/01
674,0,0,0,0,0,1,0,2017/09/16,2017/12/02
8682,0,0,0,0,0,1,0,2017/09/16,2017/12/02
8686,1,1,1,1,1,0,0,2017/09/04,2017/09/11
8680,1,1,1,1,1,0,1,2017/09/12,2017/12/01
8681,1,1,1,1,1,0,1,2017/09/03,2017/09/11
1606,1,1,1,1,1,1,1,2017/09/03,2017/09/11
8692,1,1,1,1,1,1,1,2017/09/16,2017/10/31
8693,1,1,1,1,1,0,0,2017/09/18,2017/10/31
2391,0,0,0,0,0,0,1,2017/09/03,2017/09/10
8691,1,1,1,1,1,0,0,2017/09/18,2017/10/31
8695,1,1,1,1,1,1,1,2017/09/03,2017/10/29
8694,1,1,1,1,1,0,0,2017/10/09,2017/11/03
8696,1,1,1,1,1,1,1,2017/09/03,2017/12/02
8697,1,1,1,1,1,1,0,2017/09/04,2017/10/15
8698,0,0,0,0,0,1,0,2017/10/21,2017/12/02
8700,0,0,0,0,0,1,1,2017/10/15,2017/12/02
208,0,0,0,0,0,0,1,2017/09/10,2017/11/26
8699,1,1,1,1,1,1,1,2017/09/04,2017/10/14
8703,1,1,1,1,1,0,0,2017/09/04,2017/10/01
8720,0,0,0,0,0,1,1,2017/09/18,2017/10/01
8719,0,0,0,0,0,1,1,2017/10/07,2017/11/19
8712,1,1,1,1,1,0,1,2017/09/03,2017/10/01
8708,1,1,1,1,1,0,0,2017/09/04,2017/10/01
8715,0,0,0,0,0,1,1,2017/09/18,2017/10/01
17535,1,1,1,1,1,1,1,2017/10/02,2017/12/01
8728,0,0,0,0,1,0,0,2017/10/06,2017/12/01
8733,1,1,1,1,0,0,0,2017/11/06,2017/11/09
8730,1,1,1,1,0,0,0,2017/10/09,2017/11/02
17536,1,1,1,1,1,0,0,2017/10/02,2017/12/01
8722,1,1,1,1,1,0,0,2017/10/02,2017/12/01
8723,0,0,0,0,0,0,1,2017/10/23,2017/11/19
17537,0,0,0,0,0,1,0,2017/10/07,2017/11/18
17538,1,1,1,1,1,0,0,2017/10/02,2017/12/01
8704,1,1,1,1,1,0,0,2017/10/02,2017/12/01
8724,0,0,0,0,0,0,1,2017/10/08,2017/11/26
4183,0,0,0,0,0,0,1,2017/09/24,2017/10/01
8713,1,1,1,1,1,1,0,2017/10/02,2017/12/01
8716,1,1,1,1,1,0,1,2017/10/02,2017/12/01
8714,1,1,1,1,1,0,0,2017/09/04,2017/09/30
8721,1,1,1,1,1,1,1,2017/10/03,2017/12/01
8718,1,1,1,1,1,0,0,2017/09/04,2017/10/01
8736,1,1,1,1,1,0,0,2017/10/23,2017/10/27
8789,0,0,0,0,0,1,1,2017/09/03,2017/10/15
3705,1,1,1,1,0,0,0,2017/09/25,2017/09/28
8768,1,1,1,1,1,1,1,2017/09/03,2017/10/15
8769,1,1,1,1,1,1,0,2017/10/02,2017/10/14
8770,1,1,1,1,1,1,0,2017/10/16,2017/12/02
8741,1,1,1,1,1,0,0,2017/09/04,2017/10/13
8763,1,1,1,1,1,1,1,2017/10/16,2017/12/02
8791,1,1,1,1,0,0,0,2017/11/02,2017/11/30
8755,1,1,1,1,1,1,1,2017/09/03,2017/10/15
17540,1,1,1,1,0,0,0,2017/09/18,2017/09/28
17541,1,1,1,1,1,1,1,2017/10/16,2017/11/05
8792,1,1,1,1,0,0,0,2017/10/16,2017/10/31
4630,0,0,0,0,0,1,0,2017/10/21,2017/11/04
8782,1,1,1,1,1,1,1,2017/09/03,2017/10/15
8748,0,0,0,0,1,1,0,2017/11/20,2017/12/02
8746,1,1,1,1,0,0,0,2017/11/20,2017/11/28
8747,1,1,1,1,1,1,0,2017/09/04,2017/10/14
8764,1,1,1,1,1,1,1,2017/09/03,2017/10/15
7919,1,1,1,1,1,0,1,2017/09/03,2017/10/15
4887,1,1,1,1,1,0,1,2017/10/16,2017/12/01
3561,0,0,0,0,1,0,0,2017/09/08,2017/10/13
8745,1,1,0,0,0,0,0,2017/10/02,2017/10/13
885,0,0,0,0,0,1,0,2017/10/21,2017/12/02
8756,0,0,0,0,0,1,0,2017/10/02,2017/10/14
4894,1,1,1,1,1,0,1,2017/09/03,2017/09/10
8758,1,1,1,1,1,0,0,2017/10/16,2017/12/01
8743,1,1,1,1,1,0,1,2017/10/16,2017/11/05
8744,1,1,1,1,1,0,1,2017/09/18,2017/10/01
17544,0,0,0,0,0,1,0,2017/10/02,2017/10/14
4916,1,1,1,1,1,0,0,2017/09/04,2017/09/08
8757,1,1,1,1,1,0,0,2017/09/18,2017/10/13
17545,0,0,0,0,0,1,0,2017/10/21,2017/10/28
8776,1,1,1,1,1,1,1,2017/09/03,2017/09/17
8777,1,1,1,1,1,1,1,2017/09/18,2017/10/15
8751,0,0,0,0,0,1,1,2017/09/03,2017/09/16
8752,0,0,0,0,0,1,1,2017/09/23,2017/10/15
17546,0,0,0,0,0,1,1,2017/09/03,2017/09/17
524,0,0,0,0,1,0,0,2017/09/08,2017/12/01
8784,1,1,1,1,1,0,0,2017/09/18,2017/10/13
6433,0,0,0,0,0,0,1,2017/11/05,2017/11/12
8797,0,0,0,0,0,0,1,2017/09/24,2017/10/08
17547,0,0,0,0,0,0,1,2017/11/19,2017/11/26
8783,0,0,0,0,1,0,1,2017/09/03,2017/12/01
8773,1,1,1,1,1,1,0,2017/10/16,2017/11/12
8771,0,0,1,0,1,0,0,2017/11/29,2017/12/01
17548,0,1,1,1,1,0,0,2017/09/19,2017/10/01
8772,1,1,1,1,1,0,0,2017/09/11,2017/10/13
17549,1,1,1,1,1,0,0,2017/09/04,2017/12/01
17550,1,1,1,1,1,1,0,2017/10/16,2017/10/29
8778,1,1,1,1,1,1,1,2017/09/03,2017/12/02
8774,1,1,1,1,1,0,0,2017/09/12,2017/09/24
8788,0,0,0,0,1,0,1,2017/09/03,2017/12/01
8786,1,1,1,1,1,1,0,2017/09/04,2017/12/02
8765,1,1,1,1,1,1,1,2017/09/03,2017/12/02
8779,1,0,0,0,0,0,0,2017/10/02,2017/10/15
8787,1,1,1,1,1,1,1,2017/09/03,2017/12/02
8785,0,0,0,0,0,0,1,2017/09/24,2017/11/26
1018,0,0,0,0,0,0,1,2017/09/03,2017/09/17
8780,1,0,0,0,0,0,0,2017/11/06,2017/11/13
8750,1,1,1,1,1,1,0,2017/09/18,2017/12/02
8781,0,1,1,1,1,0,0,2017/11/06,2017/12/01
8760,1,1,1,1,1,0,0,2017/09/11,2017/09/24
8759,0,0,0,0,0,1,1,2017/09/03,2017/12/02
8767,0,0,0,0,0,1,1,2017/09/23,2017/12/02
8766,0,0,0,0,0,1,1,2017/09/03,2017/09/16
8749,1,1,1,1,1,1,0,2017/09/04,2017/09/16
17552,1,1,1,1,1,1,1,2017/09/03,2017/10/01
8799,1,1,1,1,1,1,1,2017/09/03,2017/10/22
8806,0,0,0,0,0,1,1,2017/09/09,2017/09/30
8805,1,1,1,1,1,0,0,2017/09/03,2017/09/29
17553,1,1,1,1,1,0,1,2017/09/03,2017/10/20
8810,0,0,0,0,0,1,0,2017/09/09,2017/10/21
8802,1,1,1,1,1,1,1,2017/09/03,2017/10/01
8803,1,1,1,1,1,1,1,2017/09/03,2017/10/22
8808,1,1,1,1,1,1,1,2017/09/03,2017/10/22
17556,1,1,1,1,1,1,1,2017/09/03,2017/10/20
701,1,1,1,1,1,1,1,2017/09/04,2017/12/02
82,0,0,0,0,0,1,1,2017/09/09,2017/12/02
8826,1,1,1,1,1,0,0,2017/09/04,2017/12/01
11177,1,1,1,1,1,1,1,2017/10/02,2017/10/20
11178,1,1,1,1,1,1,1,2017/10/02,2017/10/19
9154,1,1,1,1,1,0,0,2017/09/11,2017/09/24
9981,1,1,1,1,1,0,0,2017/10/16,2017/11/03
976,0,0,0,0,1,1,1,2017/10/27,2017/10/29
11234,0,0,0,0,0,0,1,2017/10/29,2017/11/01
11236,0,1,1,1,1,1,0,2017/10/16,2017/11/03
11229,1,1,1,1,1,1,0,2017/10/23,2017/11/02
2855,1,1,1,1,0,0,0,2017/09/04,2017/11/30
9259,0,0,0,0,0,0,1,2017/09/03,2017/11/26
5762,1,1,1,1,1,0,0,2017/11/06,2017/11/17
10206,1,1,1,1,1,0,0,2017/09/18,2017/09/22
1849,1,1,1,1,1,0,0,2017/09/18,2017/09/29
7433,0,0,0,0,0,1,0,2017/09/09,2017/12/02
6380,1,1,1,1,1,0,0,2017/09/04,2017/12/01
9317,1,1,1,1,1,0,0,2017/09/04,2017/12/01
9314,1,1,1,1,1,0,1,2017/09/03,2017/12/01
9315,1,1,0,1,0,0,0,2017/09/04,2017/11/30
9316,0,0,0,0,1,0,0,2017/09/08,2017/12/01
9321,0,0,1,0,0,0,0,2017/09/06,2017/11/29
9322,1,1,0,1,1,0,0,2017/09/04,2017/12/01
9318,0,0,0,0,0,1,0,2017/09/09,2017/12/02
9319,1,1,1,1,1,0,0,2017/10/23,2017/11/03
9308,1,1,1,1,1,0,0,2017/09/04,2017/12/01
9289,1,1,1,1,1,0,0,2017/10/16,2017/11/10
9324,0,0,0,0,0,1,0,2017/09/09,2017/12/02
2175,0,0,0,0,0,1,0,2017/09/09,2017/12/02
9320,0,0,1,0,0,1,0,2017/09/06,2017/11/05
9323,1,1,0,1,1,0,0,2017/09/04,2017/12/01
9332,1,1,1,1,1,0,0,2017/10/23,2017/11/03
9334,1,1,0,1,1,0,0,2017/10/23,2017/12/01
9333,1,1,0,1,1,0,0,2017/09/04,2017/10/20
9325,1,1,1,1,1,1,0,2017/09/04,2017/12/02
9326,0,0,0,0,1,1,0,2017/09/08,2017/12/02
9327,1,1,1,1,1,0,0,2017/09/04,2017/12/01
8864,1,1,1,1,1,0,0,2017/10/23,2017/11/03
9206,1,1,1,1,1,0,0,2017/09/04,2017/11/17
9328,1,1,1,1,1,0,0,2017/11/20,2017/12/01
9329,1,1,0,1,1,0,0,2017/11/20,2017/12/01
9330,1,1,1,1,1,0,0,2017/09/04,2017/11/29
9335,1,1,0,1,1,0,0,2017/09/04,2017/12/01
9336,0,0,1,0,0,0,0,2017/09/06,2017/11/29
9337,0,0,0,0,0,1,0,2017/09/09,2017/12/02
9340,0,0,0,0,1,1,1,2017/09/03,2017/10/28
9339,1,1,1,1,0,1,1,2017/09/03,2017/10/28
9338,1,1,1,1,1,1,1,2017/09/03,2017/10/28
9342,1,1,1,1,1,1,0,2017/09/04,2017/12/02
9341,0,0,0,0,0,0,1,2017/09/03,2017/11/26
39,0,0,0,0,0,1,0,2017/09/09,2017/12/02
9343,1,1,0,1,1,0,0,2017/11/20,2017/12/01
9364,1,1,1,1,0,1,0,2017/09/04,2017/12/02
9344,1,0,0,0,0,0,0,2017/09/04,2017/11/27
8995,1,0,0,0,0,0,0,2017/09/04,2017/11/27
9345,0,1,1,1,1,0,0,2017/09/05,2017/12/01
9346,1,1,1,1,1,0,0,2017/09/04,2017/12/01
9351,0,0,0,0,0,0,1,2017/09/03,2017/11/26
2074,0,0,0,0,0,0,1,2017/09/03,2017/11/26
9353,1,1,1,1,0,0,0,2017/09/04,2017/11/30
9347,0,1,1,1,1,0,0,2017/09/05,2017/12/01
9354,1,0,0,0,0,0,0,2017/09/04,2017/11/27
9348,0,1,0,0,0,0,0,2017/09/05,2017/11/28
9349,1,1,1,1,0,1,0,2017/09/04,2017/12/02
9352,1,1,1,1,1,0,0,2017/09/04,2017/12/01
9355,1,1,1,1,1,0,0,2017/09/04,2017/12/01
478,1,1,1,1,1,0,0,2017/10/09,2017/10/20
107,1,1,1,1,0,1,1,2017/09/03,2017/12/02
90,1,1,1,1,1,0,1,2017/09/03,2017/12/01
17,0,0,0,0,1,0,0,2017/09/08,2017/12/01
9358,0,1,1,1,1,1,0,2017/09/05,2017/12/02
9356,0,1,1,1,1,0,0,2017/09/05,2017/12/01
71,0,0,0,0,1,1,0,2017/09/08,2017/12/02
9362,1,0,0,0,0,0,0,2017/09/04,2017/11/27
9369,1,1,1,1,1,1,0,2017/09/04,2017/12/02
9357,1,1,1,1,1,1,0,2017/09/04,2017/12/02
8026,0,0,0,0,0,1,1,2017/09/03,2017/12/02
9359,0,0,0,0,0,1,1,2017/09/03,2017/12/02
9360,0,1,1,1,1,0,0,2017/09/05,2017/12/01
9363,0,1,1,1,1,1,0,2017/09/05,2017/12/02
9361,1,1,1,1,0,1,0,2017/09/04,2017/12/02
9368,0,0,0,0,1,0,1,2017/09/03,2017/12/01
9367,0,0,0,0,1,0,1,2017/09/03,2017/12/01
9365,0,0,0,0,1,0,0,2017/09/08,2017/12/01
9366,0,0,0,0,1,0,1,2017/09/03,2017/12/01
9370,1,1,1,1,0,1,0,2017/09/04,2017/12/02
9373,0,0,0,0,1,0,0,2017/09/08,2017/12/01
9374,1,1,1,1,0,1,1,2017/09/03,2017/12/02
635,0,0,0,0,1,0,0,2017/09/08,2017/12/01
9372,0,1,1,1,1,0,0,2017/09/05,2017/12/01
9371,1,0,0,0,0,0,0,2017/09/04,2017/11/27
9375,1,0,0,0,0,1,0,2017/09/04,2017/12/02
9377,0,0,0,0,1,0,0,2017/09/08,2017/12/01
4505,1,1,1,1,1,0,0,2017/09/04,2017/09/29
9378,1,1,0,1,1,0,0,2017/09/04,2017/12/01
9380,0,1,1,0,0,0,0,2017/10/31,2017/11/01
125,0,0,0,0,1,1,1,2017/09/03,2017/12/02
9379,1,1,1,1,0,0,0,2017/09/04,2017/11/30
9381,0,0,0,0,1,1,1,2017/09/03,2017/12/02
9382,1,0,0,0,0,0,0,2017/10/23,2017/10/30
6784,1,1,1,1,1,1,0,2017/09/04,2017/12/02
9383,0,0,0,0,1,1,0,2017/09/08,2017/12/02
6268,1,1,1,1,0,0,0,2017/09/04,2017/11/30
9385,0,0,0,0,0,1,1,2017/09/03,2017/12/02
6870,1,1,1,1,1,0,0,2017/09/04,2017/12/01
9384,1,1,1,1,0,0,0,2017/09/04,2017/11/30
8994,1,1,1,1,1,1,0,2017/09/04,2017/12/02
1335,1,1,1,1,1,1,1,2017/09/03,2017/12/02
9386,1,1,1,1,1,0,0,2017/10/23,2017/11/03
2494,1,0,0,0,0,0,0,2017/09/04,2017/11/27
6865,0,1,1,1,1,0,0,2017/09/05,2017/12/01
9387,0,0,1,0,0,0,0,2017/09/06,2017/11/29
9388,1,1,1,1,1,0,0,2017/09/04,2017/12/01
9389,1,0,0,0,0,0,0,2017/09/04,2017/11/27
628,1,0,0,0,0,0,0,2017/09/04,2017/11/27
9282,1,1,1,1,1,0,0,2017/11/13,2017/11/24
9392,0,0,1,0,1,1,0,2017/09/06,2017/12/02
9393,1,1,1,1,1,1,0,2017/09/04,2017/12/02
9394,0,0,0,1,0,0,0,2017/09/07,2017/11/30
111,1,0,0,0,0,0,0,2017/09/04,2017/11/27
9395,1,0,0,0,0,0,0,2017/09/04,2017/11/27
9396,1,1,1,1,0,1,0,2017/09/04,2017/12/02
9397,0,1,1,1,1,0,0,2017/09/05,2017/12/01
9398,1,1,0,1,1,1,0,2017/09/04,2017/12/02
69,1,1,1,1,1,0,0,2017/09/04,2017/12/01
9406,1,1,1,1,0,1,0,2017/09/04,2017/12/02
9405,1,1,1,1,0,0,0,2017/10/23,2017/11/02
9401,0,0,0,0,1,0,1,2017/09/03,2017/12/01
9407,1,1,1,1,1,0,0,2017/10/23,2017/11/03
70,1,1,1,1,1,1,0,2017/09/04,2017/12/02
194,0,0,0,0,0,0,1,2017/09/03,2017/11/26
9399,1,1,1,1,1,0,0,2017/09/04,2017/12/01
9400,1,1,1,1,1,0,0,2017/09/04,2017/12/01
9404,0,0,0,0,0,0,1,2017/09/03,2017/11/26
9402,1,1,1,1,1,1,0,2017/09/04,2017/12/02
9403,1,1,1,1,1,0,1,2017/09/03,2017/12/01
4666,1,1,1,1,1,0,0,2017/10/02,2017/10/13
1789,1,1,1,1,1,1,1,2017/09/04,2017/12/02
1704,1,1,1,1,1,1,1,2017/09/04,2017/12/02
9408,0,0,0,0,1,0,1,2017/09/03,2017/12/01
9412,1,1,1,1,0,1,1,2017/09/03,2017/12/02
9409,1,1,1,1,1,1,0,2017/09/04,2017/12/02
9410,1,1,1,1,0,1,0,2017/09/04,2017/12/02
2485,0,0,0,0,0,0,1,2017/09/10,2017/11/26
9411,0,0,0,0,0,0,1,2017/09/03,2017/11/26
19,0,0,0,0,0,1,0,2017/09/09,2017/12/02
6555,1,1,1,1,1,0,0,2017/09/04,2017/12/01
6259,1,1,1,1,1,1,1,2017/09/03,2017/12/02
9413,1,1,1,1,1,1,1,2017/09/03,2017/12/02
7583,0,0,0,0,1,0,0,2017/09/08,2017/12/01
9414,1,1,1,1,1,0,0,2017/09/04,2017/12/01
9415,1,1,1,1,1,0,1,2017/09/04,2017/12/01
9417,1,1,1,1,1,0,0,2017/09/04,2017/12/01
9416,1,1,1,1,1,0,0,2017/10/23,2017/11/03
9418,0,1,0,0,1,1,0,2017/09/05,2017/12/02
8931,1,1,1,1,1,0,0,2017/09/04,2017/12/01
9420,0,0,0,0,1,0,0,2017/09/08,2017/10/22
9419,1,1,1,1,0,0,0,2017/09/04,2017/11/03
9421,1,1,0,1,1,0,0,2017/10/23,2017/11/03
9422,0,0,1,0,1,0,0,2017/09/06,2017/12/01
9444,1,1,1,1,1,0,1,2017/09/03,2017/12/01
2188,0,0,0,0,1,0,0,2017/09/08,2017/12/01
9443,1,1,1,1,0,0,1,2017/09/03,2017/11/30
9423,0,1,1,1,1,1,0,2017/09/05,2017/12/02
9427,1,1,1,1,1,1,0,2017/09/04,2017/12/02
9426,1,1,1,1,1,1,0,2017/09/18,2017/10/07
9424,1,1,1,1,1,1,1,2017/09/18,2017/10/08
9425,1,1,1,1,1,1,1,2017/09/03,2017/12/02
9436,0,1,0,0,0,0,0,2017/10/31,2017/11/10
9432,1,1,1,1,0,0,1,2017/09/03,2017/11/30
9440,0,0,0,0,0,1,1,2017/10/28,2017/12/02
6766,1,1,1,1,1,0,0,2017/09/04,2017/10/20
9441,0,0,0,0,0,1,1,2017/09/03,2017/10/22
84,1,1,1,1,1,1,1,2017/09/03,2017/10/22
3878,1,1,1,1,1,1,1,2017/10/23,2017/12/02
9438,1,1,1,1,1,1,0,2017/09/04,2017/10/21
9437,1,1,1,1,1,1,0,2017/10/23,2017/10/28
9439,1,1,1,1,1,0,0,2017/10/23,2017/12/01
9430,1,0,0,0,0,0,0,2017/09/04,2017/11/27
9431,0,0,0,0,1,1,0,2017/10/27,2017/12/02
9433,0,0,0,0,0,0,1,2017/09/03,2017/11/26
9434,0,0,0,0,0,1,0,2017/09/09,2017/12/02
9429,0,0,0,0,1,0,1,2017/10/27,2017/12/01
9428,0,0,0,0,1,0,1,2017/09/03,2017/10/22
9442,0,0,1,0,1,0,0,2017/09/06,2017/12/01
9445,0,1,1,1,0,0,0,2017/09/05,2017/11/30
9435,1,1,1,1,1,1,0,2017/09/04,2017/12/02
9548,1,1,1,1,1,0,0,2017/10/23,2017/11/05
9547,1,1,1,0,0,0,0,2017/09/18,2017/09/20
4182,1,0,0,0,0,0,0,2017/10/16,2017/10/23
9464,1,1,1,1,0,1,1,2017/09/03,2017/12/02
9461,0,0,0,0,1,0,0,2017/09/15,2017/12/01
9459,0,0,0,0,0,1,1,2017/09/03,2017/12/02
9452,0,0,0,0,1,1,1,2017/09/15,2017/10/22
9450,0,0,0,0,0,1,0,2017/10/23,2017/12/02
9454,0,0,0,0,1,1,1,2017/10/23,2017/12/02
9456,1,1,1,1,1,0,1,2017/09/11,2017/10/22
8368,0,0,0,0,0,1,0,2017/09/16,2017/09/23
9457,1,1,1,1,1,0,1,2017/10/23,2017/12/01
9453,0,0,0,0,0,1,1,2017/09/16,2017/09/23
7782,1,1,1,1,0,0,0,2017/09/04,2017/11/30
9447,1,1,1,1,0,0,0,2017/09/11,2017/10/19
9451,1,1,1,1,0,0,0,2017/10/23,2017/11/30
9446,0,0,0,0,0,1,1,2017/10/23,2017/12/02
726,0,0,0,0,0,0,1,2017/09/17,2017/09/24
9448,1,1,1,1,0,0,0,2017/10/23,2017/11/30
9449,0,0,0,0,0,1,0,2017/09/09,2017/12/02
9455,0,0,0,0,0,0,1,2017/10/23,2017/11/26
9458,0,0,0,0,0,1,0,2017/09/09,2017/12/02
9460,1,1,1,1,0,0,1,2017/09/03,2017/11/30
9462,0,0,0,0,1,0,1,2017/09/03,2017/12/01
4600,1,1,1,1,1,0,0,2017/09/04,2017/10/13
6817,0,0,0,0,1,0,0,2017/09/08,2017/12/01
9466,0,1,1,1,1,0,0,2017/09/05,2017/12/01
6800,1,1,1,1,1,0,0,2017/09/04,2017/12/01
9469,1,1,1,1,0,1,1,2017/10/16,2017/12/02
9470,1,1,1,1,0,1,1,2017/09/03,2017/10/15
1535,1,1,1,1,1,1,1,2017/10/15,2017/12/02
9478,1,1,1,1,1,1,1,2017/09/03,2017/10/14
3368,0,0,0,0,0,1,1,2017/09/03,2017/10/14
9475,1,1,1,1,1,0,0,2017/09/04,2017/10/13
9467,0,0,0,0,0,0,1,2017/10/15,2017/11/26
9477,0,0,0,0,0,1,1,2017/09/03,2017/10/14
9465,0,0,0,0,1,1,0,2017/09/08,2017/12/02
9480,1,1,1,1,0,1,0,2017/09/04,2017/10/14
9479,0,0,0,0,1,0,1,2017/09/03,2017/10/13
5340,0,0,0,0,0,0,1,2017/09/03,2017/10/08
9474,1,1,1,1,1,1,0,2017/10/16,2017/12/02
3369,0,0,0,0,0,0,1,2017/09/03,2017/10/08
9468,0,0,0,0,0,0,1,2017/09/03,2017/10/08
9472,1,1,1,1,0,1,1,2017/09/03,2017/12/02
9471,0,0,0,0,1,0,0,2017/09/08,2017/10/13
9109,0,1,1,1,1,0,0,2017/10/17,2017/12/01
439,0,0,0,0,0,0,1,2017/09/03,2017/11/26
9481,1,0,0,0,0,0,0,2017/09/04,2017/10/09
7911,1,0,0,0,0,0,0,2017/10/16,2017/11/27
1454,1,1,1,1,1,0,0,2017/09/04,2017/10/27
9483,0,0,1,0,0,0,0,2017/09/06,2017/11/29
9485,1,1,1,1,1,0,0,2017/09/04,2017/10/27
9484,0,0,0,0,1,0,0,2017/09/08,2017/10/20
9486,0,0,0,0,0,0,1,2017/09/03,2017/10/22
9487,0,0,0,0,0,1,0,2017/09/09,2017/10/21
938,0,0,0,0,0,0,1,2017/09/03,2017/10/29
935,0,0,0,0,0,1,0,2017/09/09,2017/10/28
6350,1,1,1,1,1,0,0,2017/10/23,2017/11/03
9490,1,1,1,1,1,1,0,2017/09/04,2017/10/28
9492,1,1,1,1,1,1,0,2017/09/04,2017/10/28
9489,1,1,1,1,1,1,1,2017/09/03,2017/10/29
942,0,0,0,0,1,0,0,2017/09/08,2017/10/27
9493,1,1,1,1,1,1,0,2017/09/04,2017/10/28
9495,0,0,0,0,0,0,1,2017/09/03,2017/10/29
9494,1,1,1,1,1,0,1,2017/09/03,2017/10/29
9488,1,0,0,0,0,0,0,2017/09/04,2017/10/23
9491,0,0,0,0,0,0,1,2017/09/03,2017/10/29
6540,1,1,1,1,1,0,0,2017/09/04,2017/10/20
1465,0,0,0,0,0,0,1,2017/09/03,2017/09/10
9499,1,1,1,1,1,0,0,2017/09/04,2017/10/06
9497,0,0,1,0,0,1,0,2017/09/06,2017/10/07
9500,0,0,0,0,1,0,0,2017/09/08,2017/10/06
2423,1,1,1,1,1,0,0,2017/09/04,2017/10/06
9501,0,0,0,0,0,0,1,2017/09/03,2017/10/01
9498,1,1,1,1,1,0,0,2017/09/04,2017/10/06
9496,1,0,0,0,0,0,0,2017/09/04,2017/10/02
9502,0,0,0,0,0,1,0,2017/09/09,2017/12/02
9503,1,1,1,1,1,0,1,2017/09/03,2017/12/01
9505,0,0,0,0,0,0,1,2017/10/08,2017/11/26
9504,1,1,1,1,1,1,0,2017/09/04,2017/12/02
9506,0,0,0,0,0,1,1,2017/10/07,2017/12/02
9507,0,0,0,0,0,1,0,2017/10/07,2017/12/02
9207,1,1,1,1,1,1,0,2017/09/04,2017/09/09
9563,1,1,1,1,1,1,0,2017/09/11,2017/12/02
66,1,1,1,1,1,1,1,2017/09/11,2017/12/02
251,1,1,1,1,1,0,0,2017/09/04,2017/09/08
235,1,1,1,1,1,1,1,2017/09/03,2017/09/10
8854,1,1,1,1,1,0,0,2017/09/11,2017/12/01
9528,1,0,0,0,1,0,0,2017/09/04,2017/12/01
169,0,0,0,0,1,0,1,2017/09/03,2017/12/01
9515,1,1,1,1,1,0,0,2017/09/04,2017/09/24
9520,1,1,1,1,1,1,1,2017/10/21,2017/11/06
9519,1,1,1,1,1,1,0,2017/10/21,2017/11/04
9522,1,1,1,1,1,1,1,2017/10/21,2017/11/05
9521,1,1,1,1,1,1,1,2017/10/21,2017/11/06
9517,0,0,1,0,0,0,1,2017/10/22,2017/11/05
9523,1,1,1,1,1,1,1,2017/10/21,2017/11/05
9559,1,1,1,1,1,0,0,2017/09/04,2017/12/01
9525,1,1,1,1,1,0,0,2017/09/04,2017/12/01
671,0,0,0,0,1,0,0,2017/09/15,2017/12/01
1309,0,0,0,0,0,0,1,2017/09/10,2017/11/26
17557,0,0,0,0,0,0,1,2017/09/10,2017/11/26
9529,0,0,0,0,0,0,1,2017/09/10,2017/11/26
654,0,0,0,0,0,0,1,2017/09/24,2017/11/26
284,1,0,0,0,0,0,0,2017/09/11,2017/11/27
9526,0,0,0,0,0,0,1,2017/09/10,2017/11/26
9527,0,0,1,0,1,0,0,2017/09/06,2017/12/01
9568,1,1,1,1,0,1,0,2017/09/04,2017/12/02
1546,1,0,1,0,0,0,0,2017/09/04,2017/11/29
9564,1,1,1,1,1,0,0,2017/09/04,2017/12/01
9530,0,0,0,1,1,0,1,2017/09/03,2017/12/01
9573,0,0,0,0,1,1,1,2017/09/03,2017/12/02
3025,0,0,0,0,0,1,1,2017/10/07,2017/10/08
9534,0,0,0,0,0,0,1,2017/09/03,2017/11/26
9533,0,0,0,0,0,1,1,2017/09/03,2017/12/02
9532,1,1,1,1,1,0,0,2017/09/04,2017/12/01
9161,1,1,1,1,1,0,0,2017/09/18,2017/10/06
9536,1,1,1,1,1,0,0,2017/09/18,2017/10/27
9539,1,1,1,1,1,0,0,2017/09/04,2017/10/27
9537,1,1,1,1,1,0,0,2017/09/04,2017/11/03
9538,1,1,1,1,1,0,0,2017/09/04,2017/10/06
9541,0,0,0,0,0,0,1,2017/10/09,2017/10/29
9542,1,1,1,1,1,0,0,2017/09/04,2017/09/24
3038,1,1,1,1,1,0,0,2017/09/04,2017/09/22
64,0,0,0,0,0,1,1,2017/09/09,2017/09/10
9549,0,1,1,1,0,0,0,2017/10/24,2017/11/02
9545,1,1,1,1,1,0,0,2017/10/09,2017/10/22
9543,1,1,1,1,1,0,0,2017/10/09,2017/11/17
6352,1,0,0,0,1,0,0,2017/10/23,2017/11/03
9544,1,1,1,1,1,0,0,2017/10/30,2017/11/17
9546,1,1,1,1,1,0,0,2017/10/30,2017/11/17
9550,1,1,1,1,1,0,0,2017/09/04,2017/11/17
9551,0,1,1,1,1,0,0,2017/09/05,2017/11/03
9203,1,1,1,1,0,0,0,2017/09/18,2017/10/05
1146,0,0,0,0,0,1,0,2017/09/23,2017/09/30
9557,0,0,0,0,0,1,0,2017/09/18,2017/09/30
9556,0,1,1,1,1,0,0,2017/09/19,2017/10/06
9553,0,0,0,0,0,1,0,2017/09/18,2017/09/30
9558,0,0,0,0,0,0,1,2017/10/09,2017/10/29
9554,1,0,0,0,0,0,0,2017/10/16,2017/10/30
9561,0,0,0,0,0,1,1,2017/09/03,2017/12/02
9560,1,1,1,1,1,1,1,2017/10/23,2017/11/03
9562,1,1,1,1,1,0,0,2017/10/23,2017/11/03
9571,0,0,0,0,0,1,1,2017/09/03,2017/12/02
9572,1,1,1,1,1,0,0,2017/09/04,2017/12/01
9596,1,1,1,1,1,1,0,2017/10/23,2017/11/04
9597,1,1,1,1,1,0,0,2017/09/04,2017/12/01
9599,1,1,1,1,1,1,0,2017/09/04,2017/12/02
9598,0,1,1,1,1,0,0,2017/09/05,2017/12/01
9613,0,0,0,0,1,0,1,2017/09/03,2017/12/01
9605,0,0,1,0,0,0,0,2017/10/25,2017/11/01
9606,0,0,1,0,0,0,0,2017/09/06,2017/11/29
6992,1,1,1,1,1,0,0,2017/09/04,2017/12/01
9604,1,1,1,1,1,1,0,2017/09/04,2017/12/02
9607,0,0,0,0,0,1,1,2017/09/09,2017/10/29
423,1,1,1,1,1,1,1,2017/09/03,2017/12/02
9601,0,1,1,1,1,1,0,2017/09/05,2017/12/02
9600,0,0,0,0,0,1,0,2017/10/28,2017/11/04
9609,0,0,1,0,0,1,0,2017/09/06,2017/12/02
9603,0,0,0,0,0,1,0,2017/09/09,2017/12/02
9611,0,0,0,0,0,0,1,2017/09/10,2017/11/26
9614,1,1,1,1,1,1,1,2017/09/03,2017/12/02
9615,0,0,1,0,0,1,0,2017/09/06,2017/12/02
9616,1,0,0,0,0,0,0,2017/09/04,2017/11/27
9646,0,0,0,0,1,0,0,2017/10/27,2017/11/03
9647,1,1,1,1,0,0,0,2017/10/23,2017/11/02
17558,1,1,1,1,1,0,0,2017/09/04,2017/12/01
17559,1,0,0,0,0,0,0,2017/09/04,2017/11/27
9649,1,0,1,0,1,0,0,2017/09/04,2017/12/01
9650,0,1,0,1,0,0,0,2017/09/05,2017/11/30
9722,0,0,0,0,1,0,1,2017/09/03,2017/12/01
9721,0,0,0,0,1,0,0,2017/09/08,2017/12/01
11185,0,0,0,0,1,0,0,2017/09/08,2017/11/17
11189,1,1,1,1,1,0,0,2017/09/18,2017/11/17
11190,1,1,1,1,1,0,0,2017/10/02,2017/11/17
11191,1,1,1,1,1,0,0,2017/09/18,2017/09/29
11196,0,0,0,0,0,0,1,2017/10/01,2017/10/31
11195,0,0,0,1,1,0,1,2017/11/02,2017/11/05
11198,1,1,1,1,1,0,0,2017/09/04,2017/10/15
11211,0,0,0,0,1,0,0,2017/09/08,2017/09/24
11200,0,1,1,1,1,0,0,2017/10/02,2017/10/22
8971,1,1,1,1,1,1,1,2017/10/20,2017/11/24
8978,0,0,0,0,0,1,0,2017/10/21,2017/11/05
8970,1,1,1,1,1,1,0,2017/10/20,2017/11/24
8980,0,0,0,0,0,0,1,2017/10/22,2017/11/19
11247,0,0,0,0,1,1,0,2017/10/20,2017/11/24
11244,0,0,0,0,1,0,1,2017/10/20,2017/11/24
8981,0,0,0,0,1,0,0,2017/10/20,2017/11/24
11248,0,0,0,0,1,0,0,2017/10/20,2017/11/24
8966,1,1,1,1,1,1,1,2017/10/20,2017/11/25
8967,1,0,0,0,0,0,0,2017/10/23,2017/11/20
11251,1,0,0,0,1,1,1,2017/10/20,2017/11/24
11173,0,0,1,0,0,0,0,2017/10/18,2017/10/25
11172,1,1,0,1,1,0,0,2017/10/16,2017/10/27
11171,1,1,1,1,0,0,0,2017/10/16,2017/10/26
6343,1,1,1,1,0,0,0,2017/10/09,2017/10/19
11096,0,0,1,0,1,0,0,2017/10/18,2017/11/10
11095,0,0,0,0,1,0,0,2017/10/20,2017/11/10
11097,1,1,0,1,1,0,0,2017/09/18,2017/10/13
11098,0,0,0,1,0,0,0,2017/10/16,2017/11/05
11099,1,1,1,1,1,0,0,2017/09/18,2017/10/08
11100,1,1,1,1,1,0,0,2017/10/09,2017/10/24
11103,1,1,0,1,1,0,0,2017/10/09,2017/10/20
11102,0,0,1,0,0,0,0,2017/10/11,2017/10/18
11108,1,1,1,1,1,0,0,2017/09/04,2017/12/01
11101,1,0,0,0,0,0,0,2017/10/09,2017/10/16
5342,0,0,0,0,1,0,0,2017/10/13,2017/10/20
11107,1,1,1,1,1,0,0,2017/09/04,2017/12/01
11109,1,1,1,1,0,0,0,2017/09/04,2017/11/30
11111,0,0,0,0,0,1,0,2017/10/02,2017/10/08
11104,1,1,1,1,0,0,0,2017/09/14,2017/09/21
11106,1,1,1,1,1,0,0,2017/09/11,2017/09/17
11112,0,0,0,0,1,0,0,2017/10/20,2017/11/17
11113,1,1,1,1,1,0,0,2017/10/23,2017/10/29
11114,1,1,1,1,1,0,0,2017/10/16,2017/10/22
11115,1,1,1,1,1,0,0,2017/10/16,2017/10/29
11118,0,0,0,0,1,0,0,2017/09/08,2017/10/15
11116,1,1,1,1,1,0,0,2017/10/16,2017/10/22
7483,1,1,1,1,1,0,0,2017/10/16,2017/11/17
11117,1,1,1,1,1,0,0,2017/10/16,2017/10/22
5790,1,1,1,1,1,0,0,2017/10/09,2017/10/15
11120,1,1,1,1,0,0,0,2017/09/25,2017/11/16
11119,0,0,0,0,1,0,0,2017/09/29,2017/11/17
11121,1,1,1,1,0,0,0,2017/09/25,2017/11/16
11123,1,1,1,1,1,1,1,2017/09/18,2017/10/06
11124,1,1,1,1,1,0,0,2017/10/02,2017/11/17
11125,0,0,0,0,1,0,0,2017/11/10,2017/11/17
11126,0,0,0,0,1,0,1,2017/09/03,2017/12/01
17560,0,0,0,0,1,0,1,2017/09/03,2017/12/01
11128,1,1,1,1,1,0,0,2017/10/10,2017/10/20
11127,1,1,0,1,1,0,0,2017/10/16,2017/10/20
11132,1,1,1,1,1,1,1,2017/10/02,2017/10/13
11133,1,1,1,1,1,0,0,2017/10/06,2017/10/13
11135,1,1,1,1,1,0,0,2017/10/09,2017/10/19
11136,1,1,1,1,1,1,0,2017/10/09,2017/10/19
11131,0,1,1,1,1,1,0,2017/10/10,2017/10/20
11137,1,0,0,0,0,0,0,2017/10/02,2017/10/09
11138,1,1,1,1,1,0,0,2017/11/27,2017/12/01
11141,1,1,1,1,1,0,0,2017/11/02,2017/11/24
11140,1,1,1,1,1,0,0,2017/10/23,2017/10/31
11143,0,0,1,0,0,0,0,2017/10/04,2017/11/22
11142,1,1,1,1,1,0,0,2017/10/02,2017/11/24
2966,1,1,1,1,1,0,0,2017/09/11,2017/09/22
8280,1,1,1,1,1,0,0,2017/09/11,2017/10/06
7621,1,1,1,1,1,0,0,2017/09/25,2017/10/06
7622,1,0,0,0,1,0,0,2017/09/25,2017/10/06
11144,0,1,1,1,1,0,0,2017/10/10,2017/10/13
11145,1,1,0,1,0,0,0,2017/10/09,2017/10/12
1673,1,1,1,1,1,0,0,2017/10/09,2017/10/13
5679,1,1,1,1,0,0,0,2017/09/11,2017/09/28
150,1,1,1,1,1,0,0,2017/10/02,2017/10/20
11146,1,1,1,1,1,0,0,2017/10/23,2017/11/05
3798,1,1,1,1,1,0,0,2017/10/09,2017/11/10
11147,0,0,0,0,0,0,1,2017/09/24,2017/11/26
11148,0,1,1,1,1,0,0,2017/09/05,2017/10/29
11149,1,1,1,1,1,0,0,2017/10/30,2017/11/24
11151,0,0,0,0,1,0,0,2017/09/29,2017/10/22
11150,0,0,0,0,1,1,0,2017/09/29,2017/10/22
11152,1,1,1,1,1,0,0,2017/09/18,2017/10/09
8851,0,0,0,0,0,1,0,2017/09/30,2017/10/22
8868,0,0,0,0,0,1,1,2017/09/30,2017/11/12
971,1,1,1,1,1,0,0,2017/09/04,2017/09/22
11159,1,1,1,1,1,0,0,2017/10/23,2017/11/03
11158,1,1,1,1,1,0,1,2017/10/23,2017/11/03
11166,1,1,1,1,1,0,0,2017/10/23,2017/11/03
11161,1,1,1,1,1,0,0,2017/10/23,2017/11/03
11168,1,1,1,1,1,0,0,2017/10/10,2017/10/27
11167,1,1,0,0,0,0,0,2017/10/30,2017/10/31
11169,1,1,1,1,1,0,0,2017/10/09,2017/11/17
11170,1,1,1,1,1,0,0,2017/10/16,2017/11/03
11176,1,1,1,1,0,0,0,2017/10/02,2017/10/19
11179,1,1,1,1,0,0,0,2017/09/04,2017/11/02
9186,1,1,1,1,0,0,0,2017/09/18,2017/10/12
11182,1,1,1,1,0,0,0,2017/09/04,2017/11/02
5999,1,1,1,1,0,0,0,2017/10/02,2017/10/12
11183,1,1,0,1,1,0,0,2017/10/09,2017/11/03
11193,1,1,1,1,0,0,0,2017/10/23,2017/11/03
11192,1,1,1,1,1,1,0,2017/10/02,2017/10/20
11194,1,1,1,1,1,0,0,2017/10/02,2017/11/03
11199,1,1,1,1,1,0,0,2017/10/23,2017/11/03
11204,1,1,1,1,1,0,0,2017/09/18,2017/11/17
11201,1,1,1,1,1,0,0,2017/09/18,2017/10/22
11205,1,1,1,1,1,0,0,2017/10/23,2017/11/03
11203,0,0,0,0,0,0,1,2017/11/02,2017/11/12
11202,1,1,1,1,1,0,1,2017/10/23,2017/10/31
11210,1,0,0,0,0,0,0,2017/09/04,2017/09/17
11206,0,0,0,0,0,0,1,2017/10/22,2017/10/29
11207,1,1,1,1,0,0,0,2017/09/04,2017/09/07
11215,0,0,0,0,0,1,0,2017/10/16,2017/10/28
9899,0,0,0,0,0,1,1,2017/10/01,2017/10/08
11208,1,1,1,1,0,0,0,2017/09/04,2017/09/07
11214,1,1,1,1,1,0,0,2017/09/04,2017/09/08
11218,1,1,1,1,0,0,0,2017/09/04,2017/09/07
11217,1,1,1,1,1,0,0,2017/09/04,2017/09/08
11220,1,1,1,1,0,0,1,2017/09/03,2017/10/12
11221,1,1,1,1,0,0,0,2017/09/04,2017/10/05
11222,1,0,0,0,0,0,0,2017/09/18,2017/10/02
11223,1,1,1,1,0,0,0,2017/09/04,2017/10/29
9654,1,1,1,1,0,0,0,2017/09/04,2017/11/30
11227,1,1,1,1,0,0,0,2017/09/18,2017/10/19
11225,1,1,1,1,1,0,0,2017/09/18,2017/09/28
11224,0,1,1,1,1,0,0,2017/09/19,2017/10/20
11226,0,0,1,0,0,0,0,2017/10/04,2017/10/11
11231,1,1,1,1,1,0,0,2017/09/11,2017/09/17
11228,1,1,1,1,1,0,0,2017/09/04,2017/09/10
11230,1,1,1,1,0,0,0,2017/10/23,2017/11/02
11233,0,1,1,1,1,0,0,2017/10/24,2017/11/03
454,0,0,0,0,0,1,1,2017/10/28,2017/10/29
6366,1,1,1,1,1,0,0,2017/09/04,2017/12/01
11232,0,1,1,1,1,0,0,2017/10/24,2017/11/03
713,0,0,0,0,0,1,0,2017/09/09,2017/09/23
1714,0,0,0,0,0,0,1,2017/10/08,2017/11/05
794,0,0,0,0,0,1,0,2017/10/07,2017/11/04
846,0,0,0,0,0,1,1,2017/10/07,2017/11/05
11235,1,1,1,1,1,0,0,2017/09/25,2017/10/08
1000,1,1,1,1,1,0,0,2017/11/06,2017/12/01
847,1,1,1,1,1,1,1,2017/11/06,2017/12/02
11240,1,1,1,1,1,0,1,2017/11/06,2017/12/01
723,0,0,0,0,0,1,0,2017/11/11,2017/12/02
9674,0,0,0,0,0,0,1,2017/11/11,2017/11/26
11239,0,0,0,0,1,0,1,2017/11/10,2017/12/01
11238,0,0,0,0,1,1,1,2017/11/10,2017/12/02
3642,0,0,0,0,1,0,1,2017/09/08,2017/10/15
2791,0,0,0,0,0,1,0,2017/09/09,2017/10/14
11246,0,0,0,0,1,1,0,2017/09/08,2017/10/14
8813,1,1,1,1,1,1,1,2017/09/04,2017/10/19
11242,0,0,0,0,0,1,1,2017/09/09,2017/10/15
11241,1,1,1,1,1,1,0,2017/09/04,2017/10/19
2957,0,0,0,0,1,0,0,2017/09/08,2017/10/13
6810,1,0,0,0,0,0,0,2017/09/04,2017/10/16
11250,1,0,0,0,1,1,1,2017/09/08,2017/10/16
11243,1,1,1,1,0,0,0,2017/09/04,2017/10/19
11245,0,1,1,1,1,0,0,2017/09/05,2017/10/19
7915,0,0,0,0,0,0,1,2017/09/10,2017/10/15
11249,1,1,1,1,1,0,0,2017/09/04,2017/10/19
11252,1,1,1,1,1,0,0,2017/09/04,2017/11/10
11266,0,0,1,0,0,0,0,2017/09/06,2017/10/11
9166,0,0,0,0,1,0,0,2017/09/22,2017/10/13
11253,1,1,1,1,0,0,0,2017/09/04,2017/11/30
11254,1,1,1,1,0,0,1,2017/09/03,2017/10/29
11255,1,1,1,1,0,0,1,2017/09/03,2017/10/26
11256,1,1,1,1,1,1,1,2017/09/03,2017/12/02
11257,1,1,1,1,0,0,0,2017/09/11,2017/11/02
11262,0,1,1,0,0,0,0,2017/09/12,2017/09/13
5020,0,0,0,0,1,0,0,2017/09/29,2017/10/13
9233,1,1,1,1,1,1,1,2017/09/18,2017/10/13
9236,0,0,0,0,0,1,1,2017/09/23,2017/10/08
14164,1,1,0,0,0,0,0,2017/09/11,2017/09/19
14165,1,1,0,1,0,0,0,2017/09/04,2017/09/21
